191596
191911
191842
191882
191687
192168
192149
192044
192247
192753
192198
192364
193459
192525
193235
192881
192043
192327
191730
193024
192903
193345
192841
191936
193113
192818
191339
192433
192835
192090
192840
192831
192094
192559
192864
192730
193315
192340
192892
192486
193357
193827
193356
192925
193049
193636
192923
193602
192782
192338
192845
192629
193638
192661
192770
193508
193305
193430
194040
193489
193722
193622
191612
193474
194254
193890
193411
192985
194245
192648
192750
194180
193812
192699
193018
193508
193169
193555
193742
193764
193244
192607
193823
193721
193425
193603
192383
193087
193898
194497
193432
194595
193842
193430
194203
193656
192613
193316
193746
193744
194528
194402
194634
194914
193270
193853
194572
194337
193963
193562
193228
194073
194196
194011
193630
193553
194109
193133
194219
193514
193652
194403
193466
194499
194150
193617
194406
193766
193783
194956
194481
193103
194182
191674
191227
191704
191352
192256
191502
192000
191742
191923
191392
190849
192519
191777
192396
192273
192836
193328
193395
191879
192121
192295
193797
192679
193238
192357
193282
194092
194066
192744
193306
192760
192762
193542
192865
193187
192839
193692
192859
192641
192560
193224
193938
191934
192605
193783
193586
193134
193294
192334
192937
193024
192861
193303
193209
193939
192845
193143
193774
193919
193922
192339
193234
193441
193126
193310
192997
192927
194502
194077
193002
193711
192260
193524
192835
193213
192950
193189
193472
193519
193685
193294
192735
193424
193521
193460
193603
193750
194439
193670
193902
193165
193553
193648
194973
193908
194073
194402
193986
194052
193661
193579
193972
194575
195351
194915
194272
194447
195187
194827
194997
194117
195141
193652
194820
194365
194410
195258
194112
195350
194317
194706
194583
194859
193591
193348
195241
194739
194439
195449
194390
195716
195218
193766
195344
194478
193974
194219
195266
195957
195067
195048
196175
195694
194628
195897
195172
194953
195753
194860
194444
195756
194858
196279
195410
194834
195460
195765
195627
195878
194977
195812
196124
194922
195952
194235
196155
196888
194723
195506
196212
196417
196009
196282
196019
196168
196519
197022
195589
195785
195981
196827
196302
196715
196808
197097
195607
196696
197532
197020
197452
196791
197342
198068
197242
196955
195993
197233
197297
197342
197123
197755
197532
197955
197226
198114
198111
197675
198463
198212
197155
198060
199188
198351
198777
197259
198369
198224
197784
198709
199421
198773
198283
197626
198050
197762
198034
197609
198370
198223
198667
198379
198676
198536
198033
197860
198425
198837
197943
199619
198174
199659
199027
198344
198223
198333
198347
198979
198549
198149
198941
199959
198881
199576
199064
200038
198794
199390
199257
199047
199533
199938
199585
199771
200020
199567
201079
199915
199222
199214
200618
199604
199553
199874
199539
198619
199585
200234
199365
199686
199516
199556
199646
200018
199566
200009
200060
198615
199716
200036
200798
200364
200070
200419
199831
199663
200232
199194
199097
198818
199079
200455
200414
200386
200058
199887
199801
199543
200460
199935
200461
199568
200900
199671
200681
200772
200108
198726
200905
200785
200928
200745
199807
201404
200703
200478
200748
200200
200387
199044
200310
199970
201482
201081
200317
199219
200187
200386
201173
200214
199862
200534
200820
201024
200584
200330
201208
200926
200638
200614
200255
201177
200424
200104
200205
200843
201194
201731
201765
201104
199847
201313
201241
200690
200032
201428
201360
200800
200448
200363
201403
200373
201233
200844
200466
200061
201783
200368
201764
200840
200551
201297
201060
201568
201744
201436
201399
201878
200977
201695
200804
201020
202377
201196
202154
201573
201990
201386
201431
201370
202002
201734
201292
201412
202403
201650
201887
201739
201835
201736
201386
200681
201901
201373
200868
201955
200493
202092
202075
201467
202297
201539
202011
201558
202002
201380
201902
201179
202205
200932
200555
201556
202305
201876
202106
202351
202435
201707
202041
202116
201929
202397
202483
202176
201777
201585
201741
202024
200742
201909
202328
201335
201892
201905
201839
202270
202049
202534
200688
202686
202177
202037
202310
202316
200485
202408
201259
201782
201695
201694
203089
201945
202202
201503
202578
201763
202013
201853
201434
202033
201948
202201
201848
202723
202035
201911
202100
202294
201631
201976
202624
202867
201821
201529
203057
202358
202468
202884
202878
202217
202313
202576
202789
202567
202963
202725
202616
201602
201878
202681
202344
202290
202385
203270
202862
202057
202636
202200
200803
200514
201800
202362
203127
202383
202372
202019
202250
202423
200684
201587
202280
202837
203843
202494
202749
202799
202274
201758
202262
202006
201917
202787
201376
202881
202527
203090
202655
203163
200902
201962
202790
202953
202737
202382
202000
202773
201665
202076
201929
202911
203187
203124
201890
201309
192419
191675
191196
191575
191938
192213
191346
192143
192907
191702
191137
191613
191096
192763
191694
191897
192949
192209
192300
192540
192475
193038
192987
193406
193028
193109
191769
192413
192985
193245
191711
192026
193131
193467
192935
193261
193099
192394
192749
192801
192173
192992
193337
193140
191860
194360
193626
193602
193278
194049
193225
192784
194112
193768
194301
193651
193418
193195
194228
193934
193662
193936
194288
193779
194450
193906
194293
194008
194350
193923
195405
193983
194994
195185
194610
193995
194594
194454
194308
195206
193694
194253
194739
194968
194954
194732
194729
195883
194528
194349
195239
195460
194420
194191
193663
195308
195474
195042
195882
194227
195500
195156
194975
195365
195781
194968
195101
195643
194904
195391
195526
194918
195302
194735
195414
194953
195810
195679
195269
195200
194886
195432
195325
195850
196147
195029
195547
195723
196324
196349
196588
195357
195755
196208
195094
195908
195937
195368
197335
195950
196079
196342
196128
196489
197617
196830
195894
196281
196259
196848
196468
196023
196567
196458
197394
196219
196280
197700
196214
197429
196937
196024
196536
197003
196975
197269
196385
196250
198726
197354
197781
197723
196049
197713
197361
197420
198000
197826
198357
198131
198012
197052
198233
197346
198495
197596
198546
198908
198880
198631
198634
198724
197695
198288
197827
198156
199456
198031
198861
198265
199488
198675
198474
198835
199723
198876
198695
198599
198323
198895
198880
198460
199000
198507
199249
198420
198834
199711
198866
198166
199352
198230
198567
198804
198156
198972
198779
199288
198545
199689
199246
199810
199312
199408
199289
198745
200048
198772
199516
199236
200852
199643
199568
199527
199378
200168
199656
198266
200330
199683
200086
199912
199901
199174
200958
201230
199607
200086
201414
200317
199289
200170
200138
200698
201464
201661
199994
200271
199397
200989
201083
200728
201704
200607
200151
201373
200815
199883
200417
201278
200708
200715
201351
200317
200349
201111
200577
201198
200490
200794
200151
201173
200310
201334
199932
200928
200668
201544
199954
200250
201230
201001
201118
191587
191478
192277
191819
192518
192488
192007
192667
191651
192573
192574
192006
193085
192649
192563
192199
192480
193379
192343
193357
191934
191902
192766
192304
193148
193046
192860
193406
192726
192806
193430
192555
192484
193487
193671
192330
193456
192230
192538
193525
192831
193599
191562
193569
193090
193430
193492
192272
193452
193545
194241
193742
194481
192777
193543
194170
193095
193844
193965
193939
194438
193966
194054
193379
194687
194615
192903
194711
195032
194651
194498
194131
193901
193041
194025
194911
193846
194614
194895
194182
194395
194309
195306
194951
195573
194053
195519
194983
195220
195666
194922
194750
194568
194987
194769
195423
195181
195244
194803
195082
196180
194772
195169
196126
195681
195096
194286
196343
195421
196014
195602
195862
195190
195564
195716
196082
196912
195663
196545
195571
196097
196428
196882
194529
196554
196619
196814
196101
196648
196903
196423
195521
196777
196770
196797
196552
197236
196690
197212
196542
196678
197643
198120
196097
197308
197307
197574
197010
196978
197132
197978
198158
197476
197182
197329
198345
197240
197552
197558
198260
197969
198655
198181
197252
198517
198277
197429
198371
198780
198501
197652
199627
198390
198517
198273
197832
198851
199287
197837
199226
198585
199148
199592
199039
198836
199711
200036
198869
198653
199412
199353
199644
200277
199677
200119
199124
200052
198381
198421
199205
198505
198139
199745
199181
198777
199576
199820
198826
199027
199738
197595
199515
199024
200291
198508
198660
199610
199423
198405
198970
198989
199690
199945
191883
191605
192938
191644
190990
191697
191803
192140
192436
191470
192467
192488
192796
192457
192520
192615
192837
192895
193192
192381
193691
192329
191511
193018
193274
192600
193523
193354
192699
193406
191950
193046
192136
193514
193550
192247
192853
192856
193151
193660
192258
192967
193587
193712
193370
193222
193963
192110
193441
192893
193751
194464
193062
193375
192961
193795
194134
193928
194558
194777
193480
194239
194147
194139
194042
193800
194464
193909
194560
194314
193972
194214
193654
194426
194696
193844
194643
194347
193197
194536
194734
195286
193685
194443
194801
195194
195230
194934
195393
194921
195936
194933
194648
195239
195665
195463
194494
195780
194410
195005
195113
194812
195204
195549
195207
195532
196381
196154
195265
195541
196209
196106
196247
195667
196120
195651
196713
195672
196883
195969
196648
197648
196592
196543
196905
196490
196646
196964
197420
197643
196756
196957
196281
197116
196515
196448
196842
197314
197034
196688
196479
196022
196724
197181
196652
195767
197066
195864
197103
196436
196928
197182
197230
196630
197523
196977
197266
197234
197632
196419
197313
196924
197007
197179
196802
197459
196736
197427
198075
196863
197195
196647
197131
197417
198380
197346
197572
198742
197138
197052
196541
197405
197816
197185
198105
196699
198160
196573
197180
198329
197193
198478
198344
198509
199278
198431
198091
198674
198775
198512
198484
198414
198258
198472
198256
196967
196524
198072
198981
197539
197744
197567
197749
198213
197956
198570
197979
197796
198243
197612
198349
198223
198375
198372
198211
197945
197755
192508
192050
191545
192323
191614
191882
191565
191579
192863
193243
192099
192491
191821
192336
192801
192316
192783
192131
192211
192902
192805
193056
192967
193148
192035
192351
192950
193684
192913
192494
193572
193253
193084
193502
193119
193086
193552
192696
193541
192484
192580
193194
192566
193903
193249
193657
193629
193429
193182
194020
193980
193069
193831
193159
193840
193447
194043
193222
193288
193804
193808
193295
193212
195193
193886
194219
194372
193978
193728
192153
194913
193822
193052
194045
195100
194853
194323
193888
194233
193486
194592
193537
194597
193805
194247
194773
194184
194842
194546
194388
194260
194038
194262
194842
195236
195241
195149
194338
194888
195257
194805
195471
195619
195131
195711
195950
194663
194918
195251
196107
196132
195835
195667
195290
194837
195544
195477
196328
195124
196014
195649
196798
195976
197280
195884
196127
195931
193971
196149
196530
196244
196443
196439
196525
196783
196275
198091
197235
197236
197235
195540
196777
196855
197429
196450
196445
196498
197528
197323
197063
196963
196683
196802
196198
197723
196370
197057
196490
196124
196946
197729
197362
196397
197043
197335
197821
197793
197028
198302
197053
196767
197722
197723
197843
196738
197991
196782
196909
198096
197387
198058
197153
198096
197446
196774
197050
197679
197666
197815
198018
195955
198341
197684
197336
198313
198620
197614
198375
198212
196502
198558
198849
198355
198272
198472
198595
198506
198601
199676
198292
198362
198880
198768
198578
198849
198575
198882
198392
199814
197750
199629
199008
198390
199953
199413
199702
199969
199438
199789
198697
199527
198398
199471
199007
199375
199776
198938
200140
199642
199966
198695
199690
199658
199751
200064
200284
200008
199498
199262
199595
199447
199921
199607
200107
200140
200291
199640
199507
201306
199838
200188
198721
199994
199931
200889
199341
200601
199920
200076
200103
199900
199728
200016
200413
200316
199801
201453
200078
200439
200070
199917
199731
200115
200268
200033
200192
200598
201396
199990
199815
199774
200001
199691
200389
201567
200921
199981
200764
200306
200070
201237
200514
200868
200733
201121
201929
200708
201280
200561
201173
199506
201293
200567
201421
201112
201294
200638
201144
201457
200921
201158
202088
200544
201778
201216
200799
200703
201865
201530
201080
200255
201130
201388
200408
201029
201308
201002
201327
200463
200522
199738
201917
201820
201692
201081
201982
201007
201840
201064
201494
201905
201543
200726
200174
201983
201075
201566
201483
200477
200251
200988
201651
201566
201213
200772
200700
201844
200094
201828
201035
202348
201407
201772
200327
200379
202093
200909
201227
200567
200464
201250
201197
200569
200457
202017
201132
202807
201478
200764
200576
200835
201881
202807
201160
202035
202054
201612
201198
202124
201383
202172
201078
201531
200514
201414
202574
202116
201671
201236
201757
202095
201911
201625
202073
201315
200945
202091
201372
202547
201259
201649
201743
201958
201574
201827
192049
191919
191872
191686
191462
192452
192450
192717
191955
191264
192186
193909
192565
193102
192479
192293
191759
193114
191773
192454
193417
192450
192856
192946
192630
192281
193406
192997
192989
192451
193017
193024
192576
191423
192748
193067
192692
193536
192894
193247
193902
192959
193011
193494
192609
192155
192550
192543
192526
192127
193686
192813
193655
193594
192805
192458
192576
194450
192903
193863
193523
192890
192469
193308
193140
194495
193452
193833
192997
193736
193763
193818
193546
193850
193979
194098
194393
193815
194446
193959
194675
194347
194012
194112
194394
194246
195134
193520
193650
193741
194719
193792
194848
195141
195032
194830
195185
194897
195170
195700
194172
195210
194897
195758
195351
196054
196015
195183
195318
194128
195400
195449
194485
194487
196383
194989
194802
195078
195582
195575
194081
195837
195830
195982
195266
195821
195216
195861
195651
195997
195909
195908
197032
195673
197183
196083
196161
195490
197259
196853
196970
196476
196181
196110
196923
196860
197296
196689
196334
196570
196859
197668
196777
195359
196834
197607
196937
196864
196682
196883
196915
196605
197656
197099
197683
197780
197831
197544
198023
198139
197930
198253
198049
197871
197583
197643
197802
198716
197477
198899
198226
198849
198252
198653
198562
197914
198054
198847
199349
198923
198592
198066
198405
198381
199117
198234
198273
198730
198359
198945
198523
199431
198019
198318
198394
199016
198586
198051
199270
198603
199428
198286
199237
198590
199668
198677
198903
198924
198970
199540
199160
199203
199967
199434
199340
199050
199627
198805
199334
200417
199437
199710
199719
199597
199561
199082
199864
200420
200327
200645
199735
199872
200739
200499
200336
200534
200160
201078
200607
201299
200471
200995
200053
200583
201042
200793
200451
199481
201116
201024
201328
200836
200489
201154
200791
201154
201838
201414
200213
200315
200772
200987
200025
200562
200956
201988
200148
201061
200025
199891
200697
201149
200863
202217
201138
200656
200768
200725
201534
202141
200641
201595
200741
201358
200497
201743
200955
200275
201742
200877
201594
201856
201884
201757
201457
201332
201637
200845
202525
201637
200329
202570
202334
201829
202118
202013
201366
202575
200972
202384
201767
201162
202734
201689
202304
202448
202014
202321
202752
202844
202596
202361
201465
202887
200967
201680
202652
201088
202800
202057
202330
202881
201521
202425
202109
201758
202117
201329
202881
201950
202749
202255
202106
202353
202924
202206
201589
201593
201920
201230
202183
202167
202580
202646
202367
202624
202446
201872
200623
202822
201891
202658
202522
202339
202201
202453
202076
202714
202462
201124
202016
201379
202577
202440
203214
202046
201817
202682
202798
202338
202452
202987
201123
202746
202203
203103
202940
203334
203251
202485
201776
201675
202420
202203
202913
202587
202505
202743
203167
202658
203125
202497
201963
201942
201479
202145
203035
202687
202041
202727
202878
201845
203328
203264
202757
202552
202856
202249
202763
202397
202869
201842
202269
202046
203115
202684
202301
202310
202409
202902
203694
202249
202566
201692
202914
202541
203215
201748
200504
202239
202948
203350
202149
202095
202260
202436
202936
202514
202389
202373
201989
204317
202437
202737
202670
202455
203472
202288
202083
202689
203117
202106
202395
202676
203175
202492
202225
202970
202267
202986
200908
201817
202866
202979
202209
203130
202463
202208
201579
201281
203189
203327
202808
202321
202803
203560
202899
203102
201987
203288
202463
202798
202475
202971
202700
202741
202964
202178
202548
203091
203043
203070
202743
203498
202959
202473
202002
202887
202376
202541
202842
202433
203239
202296
202912
202783
201873
203030
202299
202702
202782
201842
202837
201698
202532
201262
202512
203210
202106
202074
202397
203668
192143
192176
191741
191473
192224
192636
192555
191566
193248
191393
191991
191765
192928
192036
192529
192934
193040
191614
192809
192765
192793
193097
193388
192346
192156
193236
193129
193664
191707
193465
192047
193761
193451
192857
193365
193228
193225
193760
194030
193765
193605
193640
193601
192652
194085
194094
194089
193759
193927
193573
193568
194065
194228
194444
194189
194373
194869
194240
193728
193883
193176
193924
194727
194800
193671
194638
193658
195205
194002
194376
193602
194219
194405
194091
194460
194337
195560
194992
194081
194327
193693
195596
194004
194561
194848
194455
193320
193680
194143
195431
194031
194410
194197
195294
194268
194876
194399
194777
195064
194421
195439
194938
195667
194832
195372
194859
195784
194791
196004
195305
195287
194804
195505
196190
195550
196480
195482
195200
195340
195598
196308
196471
195252
195880
196375
195955
194831
196257
194595
194685
195139
196661
195541
196362
196218
196696
195474
195840
196374
197350
196622
196178
196284
196414
196554
196548
196694
196495
195714
196152
196586
196020
197144
197486
197058
197813
197920
197296
197073
197350
197014
198652
198023
196871
196188
197427
197545
197534
198453
197142
198271
197589
197551
197402
198274
197542
197185
198044
198799
196985
198977
197644
198198
198967
197855
198621
198531
198613
197803
198199
198660
198053
198252
198382
197924
198475
197871
198011
198450
198986
197650
198544
197965
198715
197249
197197
198480
198456
198422
198615
197583
198643
198223
197899
198302
198899
198333
199155
198440
197373
198692
197274
199465
198052
199219
198262
198638
199465
198446
198115
198269
198800
199140
198919
198763
199564
198524
199708
199516
198969
199947
199549
199650
198997
199413
199957
199444
199812
199763
199050
199650
199381
199912
200573
200684
200173
199205
199478
200335
199897
198783
200646
200168
199621
199700
200392
199311
199644
200430
200232
200482
200087
200425
199655
199873
200584
200365
200226
200623
200247
200342
200516
199800
200276
201096
199805
200484
200400
200782
200279
199794
199729
200726
200829
201386
200624
200786
201066
200528
201711
201784
200394
201101
200538
200109
200548
202182
201270
201763
200800
200685
200981
200289
201382
201623
201347
201572
201509
200394
201468
200733
201284
201568
201436
201888
201996
201254
200899
201855
201147
200809
201246
201919
201475
202182
201754
201079
201542
201153
202004
200516
202220
202270
201671
202346
202194
201647
201790
202440
201227
202489
201508
201868
202374
202444
201385
201959
201426
202214
201782
202469
202171
202221
201772
201910
202126
202532
202827
202342
201105
202218
201772
202516
201385
202755
201542
202674
202334
201971
201635
202674
202249
202429
202640
200737
203082
201279
202987
202576
201742
201485
203200
202431
202152
202358
202243
203228
202115
203024
202511
202182
202503
201758
202325
202122
203321
201979
202470
202325
203078
203314
201805
202182
204311
201341
202547
202468
201539
201840
202415
202493
202214
201854
202553
202400
201676
202201
201838
203349
202171
202609
202275
202617
201022
202529
201446
202948
202984
202209
203010
202717
191649
191227
192402
190726
191924
192324
191985
192386
192647
191783
191894
191880
192666
191866
191900
192644
191601
192494
191679
192901
192170
192766
193039
192773
193197
193266
192609
192732
193008
192901
192396
192582
191903
193619
193006
192248
192861
193789
193242
191389
193176
193209
193194
192129
193291
192898
192700
193277
193303
193612
193111
193276
192513
192597
193124
193103
192337
193729
192406
192633
192902
193078
193188
193558
192707
193495
192002
192057
193414
194177
192990
193423
192852
193108
193708
192561
194467
193073
193449
193540
193523
193559
193961
193871
193762
193774
193660
193533
193608
193583
193993
193285
193989
194738
193545
193654
194340
192879
193990
195156
194817
194079
194788
193681
195135
194340
193200
194767
194655
194710
194142
194484
195547
194167
194081
194033
194568
194856
194419
195120
195211
194590
194944
195395
194261
195492
195294
196018
196252
195397
195202
195621
195728
194785
195131
196034
196063
195130
196862
195917
195429
195320
195591
195226
196223
195207
196419
195478
196211
195873
194860
196425
196010
195689
196120
195011
195187
195583
195064
196189
196354
195138
196091
195351
195837
196798
195739
197069
195639
196422
195498
196161
195481
195396
195772
195089
196653
196069
197159
195619
196116
196253
195294
196157
195751
195748
196581
196601
196614
195174
197074
196690
197417
196448
196743
197044
196781
196922
196469
196830
195902
197633
196296
197420
197208
195942
198112
197554
197891
197481
196857
196644
196277
197063
197034
197768
197530
196809
197380
197259
196676
197875
197104
197548
196938
196819
197368
197666
197716
196636
197247
197424
197609
197088
197128
197109
197176
196844
197058
196932
192329
191645
191628
191971
191496
191414
192370
192201
192951
192667
192368
192849
192380
193772
193380
192212
192201
192137
192146
192772
193339
192699
192374
192012
192831
192552
192504
192846
191769
192414
191672
192990
193230
192283
192684
192546
191404
192837
192105
192622
192712
192694
193168
192972
192979
