191983.70
191691.30
191914.50
191645.10
191810.90
192077.60
192023.00
192118.50
192482.80
192024.00
191976.30
192388.40
192457.30
192590.20
192537.40
192482.70
192502.10
192569.50
192206.20
192721.70
192782.20
192847.90
192740.80
192712.70
192776.90
192854.10
192818.10
193159.50
192637.50
192857.80
192539.50
192883.00
192763.10
192957.60
193112.90
192758.20
193014.90
192929.70
192978.30
192853.90
192981.80
193301.90
192931.60
193110.10
193136.50
193448.67
193345.11
193098.67
193136.11
193232.67
193492.33
193300.33
193647.00
193287.11
193496.89
193483.33
193435.56
193756.89
193670.56
193804.89
193450.00
193576.00
193459.78
193861.78
193794.11
194006.11
193498.00
193909.78
194045.00
193664.44
193956.00
193783.33
193748.89
193697.78
194089.89
193895.22
194242.67
194023.33
193985.56
194076.11
193982.67
194025.44
194172.33
194217.00
194384.89
194270.33
194212.11
194322.33
194295.11
194497.56
194410.78
194312.89
194269.11
194759.44
194476.56
194724.89
194581.89
194473.22
194667.22
194694.78
194903.67
194756.89
195058.67
195189.67
195158.11
194991.56
194938.78
195258.11
195067.56
195083.89
195071.44
195185.78
195087.89
194992.33
195121.78
195077.22
195459.00
195080.11
195414.56
195208.67
195248.67
195798.89
195458.44
195505.44
195432.22
195599.00
195491.56
195455.56
195807.89
195872.22
195828.67
195643.22
195722.33
196097.88
196024.88
195996.25
196252.88
196041.62
196908.62
196450.25
196105.62
196366.62
196447.12
196196.75
196703.00
196267.00
196549.25
196387.25
196347.75
196314.75
196549.75
196627.12
196785.62
196301.50
196851.88
196725.25
196706.50
196793.25
196528.12
196806.62
197005.38
196935.50
196851.62
196718.75
196696.50
197373.25
197043.25
196993.25
197688.00
197210.75
197188.88
197466.38
197082.00
197272.25
197318.62
197172.75
197483.38
197647.75
197581.00
197410.00
197667.75
197475.75
197774.50
197700.12
197684.38
197368.25
198035.38
197951.12
197914.25
198017.25
197781.50
198167.25
198267.75
198032.88
198284.50
198009.62
198171.38
198052.62
198111.12
198046.00
198108.12
198402.12
198133.38
198304.88
198274.12
198035.00
198299.75
198327.75
198725.25
198289.75
198063.62
198397.88
198328.62
198489.75
198353.12
198492.25
198536.88
198499.25
198603.38
198261.38
198702.50
198473.25
198679.88
198601.86
198434.14
198397.71
198535.00
198838.67
198675.50
198703.50
198684.17
198803.00
198964.50
198675.33
198662.67
198783.50
198897.83
198971.17
199279.67
198987.00
199777.60
199556.20
199591.80
199399.40
199504.80
199858.00
199649.40
199440.60
199622.20
199713.60
199922.60
199818.00
199809.80
199900.20
200572.40
200256.20
199658.60
199561.80
200643.60
200121.80
199905.20
199991.60
200112.00
200284.80
200482.20
200725.40
200331.80
200094.20
199866.00
200451.40
200368.20
200216.60
200408.80
200155.20
199983.00
200666.20
200603.00
200122.60
200238.00
200200.40
200244.00
200351.40
200429.40
200528.80
200525.00
200364.80
200208.40
200687.00
200566.40
200765.40
200144.80
200513.60
200377.40
200748.20
200609.00
200889.60
200316.80
200549.20
200269.60
200397.40
201260.00
200835.80
201071.40
200771.50
200643.50
200902.50
201017.50
200963.75
201196.00
201017.75
200022.00
201436.00
200715.25
201328.25
201406.25
201190.50
200575.50
201533.25
200902.00
201425.25
201100.75
201085.25
201562.50
201401.50
201471.50
201497.75
201042.75
201368.00
201295.25
201345.25
200907.50
201554.75
201463.25
201271.75
200849.25
201232.25
201279.75
201282.50
201157.50
201111.25
200779.50
201959.50
201658.75
201593.00
201466.50
201785.50
201424.25
201399.25
201749.75
201231.50
202080.00
201432.50
201201.00
201276.50
202048.50
201465.00
201711.25
201566.75
201428.75
200777.50
201738.25
201807.50
201764.25
201415.75
201619.25
201702.50
201905.50
201310.25
201289.00
201591.25
201707.50
201767.50
201913.50
201129.25
201349.00
201967.75
201506.75
202009.75
201460.00
200943.50
201809.25
201471.25
201785.75
201820.25
201851.00
201914.75
201945.25
202031.00
201958.25
201365.00
201448.00
202611.25
201889.25
202053.00
202042.25
202347.50
202291.50
202019.50
202442.25
202095.25
201966.00
201637.00
201780.25
201861.25
202024.75
202592.25
202084.75
202179.75
202116.00
202219.75
202303.75
202028.50
201785.75
202298.50
201522.50
201532.50
202421.50
201918.25
201973.75
202174.50
202139.75
201953.25
202174.50
202348.25
202091.00
202043.33
202078.67
202097.33
202348.00
201707.67
202344.67
202140.67
202254.00
201724.67
202665.00
202188.33
202318.67
202445.00
202244.67
202613.67
202936.00
202366.00
202371.00
201734.50
202249.50
202141.00
202619.50
201245.00
201206.50
202283.50
202141.50
202621.00
202027.00
201967.00
202265.00
202242.50
202735.00
201601.00
202537.50
202275.00
202013.00
203313.50
202376.50
201611.00
202539.00
201857.00
202627.00
201991.50
201888.50
202889.00
202531.00
202154.00
201949.00
202627.00
202469.00
202252.50
202039.00
202202.00
202150.00
202467.00
201554.50
201832.50
202794.50
202507.00
202060.00
202615.00
202378.50
201919.50
201777.50
201952.50
203028.00
202574.00
202168.50
202689.00
202580.50
203014.00
202891.50
202990.00
202102.00
202800.50
202519.50
202793.50
202521.00
202967.00
202712.50
202678.50
202283.00
202028.00
202614.50
202717.50
202666.50
202727.50
203006.50
203180.00
202508.00
202554.50
202101.00
201845.00
201445.00
202170.50
202602.00
202780.00
202811.00
202334.00
202465.50
202516.50
202148.00
201857.00
201943.00
202491.00
202809.50
202842.50
202665.50
202223.50
202665.50
201768.00
202135.00
202736.00
202056.00
201995.50
202592.00
202522.00
202881.00
202527.00
203090.00
202655.00
203163.00
200902.00
201962.00
202790.00
202953.00
202737.00
202382.00
202000.00
202773.00
201665.00
202076.00
201929.00
202911.00
203187.00
203124.00
201890.00
201309.00
