191547
191812
191773
192071
192722
192686
191980
192086
191565
192426
192276
191862
191462
191189
191849
191188
191987
191964
191951
191683
192919
191817
192659
191819
193033
193102
193559
193279
193204
193077
192360
192921
193390
193275
192467
193685
193017
193469
193165
191862
193152
192611
192474
193891
192761
193088
192662
192106
193102
192665
193243
192883
192569
192618
192117
193876
192808
193896
193628
192951
193504
193114
193963
193763
194018
193226
193229
194180
193417
193544
194148
192856
194315
193619
193208
193397
193768
194295
194082
194648
194538
192962
194176
194438
194360
193011
195163
194033
194346
194395
194270
193599
194797
193816
193852
194264
194452
193796
194268
194684
193784
195100
193449
194361
193646
194305
193245
193366
194450
194161
194207
194653
193993
194728
194069
193416
194175
195720
193549
194373
191119
191737
192345
191142
192492
192224
191279
192344
191532
191459
191803
191448
192436
191798
191728
191193
191380
191871
191362
192123
191705
191644
191950
192255
192643
191817
193627
191772
191650
192233
191829
192307
191997
192713
192446
191942
193358
192360
192278
193192
193435
192870
191722
191575
192536
192665
192642
192501
192550
192076
192707
191945
193117
192483
192352
192709
192801
193036
193159
193057
192971
193117
193452
193181
192921
193044
193024
192513
193033
192629
192600
193391
193275
192938
192330
193062
193335
193747
192808
193778
193673
193455
193987
193987
193116
194210
193709
193936
193569
193578
193999
194292
193758
192719
194400
193320
192638
193933
193210
193908
193618
194498
192752
193900
194108
194257
194417
193537
193437
194705
193344
194767
193912
193574
194223
194614
193979
195051
194714
194526
194850
194736
194652
194953
194834
193531
194999
193548
194942
195645
194734
194867
195110
194621
195093
195195
195845
194081
195341
194877
195616
196487
195767
195418
195022
196344
195664
195611
195569
195241
195769
194982
195489
195302
195316
196194
195363
195333
196179
196279
196354
196478
195854
196250
195066
196361
196265
196721
195973
196328
197034
196206
196054
195453
195383
196611
196275
195880
196913
196470
195241
196512
196568
196403
195227
196234
195809
195892
196908
196177
196687
196838
197318
196471
197409
197324
197251
196208
197244
197324
196678
196921
196915
198127
197279
197282
196617
197256
198292
198022
198060
197439
197033
197876
197874
198084
198286
196471
197170
197326
197281
197883
196874
198665
197526
198300
196990
198067
197804
196861
198980
197711
197448
197921
197383
198617
198447
198345
198049
198933
198760
199028
197944
199413
198843
197824
197850
199315
198772
198226
198068
197806
198687
198913
198384
197032
198992
198600
198367
198660
198775
199539
198211
199369
198921
198819
197355
198852
200187
198721
198511
199354
199782
199135
198025
198916
199524
198388
198281
197903
199241
199524
199281
199949
199639
199744
199693
198797
199475
199959
199282
198679
200061
199326
199126
199428
199722
199393
199159
199406
200078
199447
200783
198957
199840
199544
199812
199447
198996
198906
199667
199773
199161
199647
198460
199268
199650
200513
200129
199681
198668
199301
198848
199730
200247
199810
200055
199728
199523
200360
200290
199548
199685
200558
199367
199905
199695
200914
199810
200892
199366
199803
199805
199562
199995
200112
199942
200273
200826
199419
201114
200617
200622
201334
200469
200507
201218
200571
198612
200069
200950
200674
200332
201023
200038
199630
200236
201247
199543
201352
200767
200764
200880
201028
200235
201874
201113
200579
200549
200872
201643
200028
201263
199336
201138
200396
201975
201347
201106
201753
201272
201542
199700
201745
201075
200645
201841
201986
200036
201257
200661
200895
201448
199506
200727
201509
200113
200569
200473
200475
200760
200373
201172
199580
200703
201680
201033
201616
200681
200493
200715
200471
202018
201086
200936
200854
199852
192379
192597
191074
192124
192339
192069
193284
191816
192123
192396
192471
192808
192165
191880
192764
192656
192353
191453
193272
193206
192274
191860
193267
192834
192419
192609
191716
192211
192139
192713
192152
193376
192969
192510
192942
192822
193039
192078
192217
192827
192337
192173
193555
192890
192634
192843
193038
193431
192968
192915
193637
192931
194050
193592
193361
193826
193436
193284
193690
192417
194689
194195
193239
193679
193650
193738
193059
193681
193955
193675
194306
195113
194363
194212
193711
194027
195154
194410
194698
194663
194979
195084
194900
194910
195548
194724
195571
194674
194277
194389
195067
194205
195417
195121
194136
195147
195710
195120
194353
195171
195528
194189
195464
195694
194469
195234
194603
195762
195705
195623
195261
195954
195245
196345
195190
196148
196082
194184
195932
194980
195818
195523
196579
196166
196814
195836
196460
195333
195659
196495
196078
196348
195907
196928
195580
196538
196679
197079
195769
196960
197797
197049
196879
196239
195765
196983
196461
196645
197276
197424
197595
197260
196277
197193
196813
197147
197112
197670
196445
196901
196928
197354
197793
197950
197992
197294
196927
197387
196980
198274
197390
197739
195881
198281
197601
197201
198304
197390
197445
197422
197889
198282
197038
197593
198631
198719
196969
198221
198517
199395
197567
198449
199189
197862
196916
198096
198230
197852
198111
197821
198390
198096
198394
198494
199025
198144
197938
198015
198587
196710
198471
199505
197782
199048
198742
198729
198978
198162
198681
199287
198721
199388
199335
198397
198197
198142
200356
198837
198625
199890
198450
199911
199828
198779
198873
199576
199870
198361
199504
198938
199418
199225
198533
199597
199718
199092
199797
199267
200290
199630
199399
199447
200081
199351
199383
199183
199886
200420
200473
198932
199280
200097
200188
199087
199717
200760
199726
200037
199118
201662
200042
200366
199127
199685
201049
200160
201219
200083
199678
199861
199842
200051
199474
200468
200820
200882
199683
200932
201430
199667
201326
200066
201017
200250
200380
200276
200857
200520
200305
201365
200838
199547
201543
201097
200412
201282
200946
201164
201295
200541
201412
201727
201366
201234
200361
200293
200525
202253
200830
200544
202160
201832
200886
200934
201205
200710
200995
200513
201142
201063
200556
200634
201849
201630
200897
200689
201180
202063
201290
200720
202229
200500
201084
202045
201388
201646
201519
200112
201170
201849
200061
201948
201239
200904
201505
202010
201140
200783
202765
200284
201239
201032
201559
202265
201532
202860
201352
202060
202779
201830
202819
201717
201153
201359
201438
201727
201910
201868
202417
202383
200963
203065
201788
201865
201254
202015
201443
202352
201864
200534
201345
202353
201589
202068
201082
201929
201963
202317
200758
201641
201000
190866
190684
191461
191810
191390
191767
192680
192138
192192
192128
192739
191758
191655
191699
192105
192526
192627
191710
192839
191936
192024
192784
192893
192294
192959
192729
192677
192773
192962
192383
192110
193001
193395
192082
192848
193724
193507
192997
192976
192595
193585
193908
193664
193259
194457
194688
192886
193532
192940
193947
192565
193080
193749
194448
193304
194758
194149
194192
194470
193662
193674
193749
193874
194399
192190
193841
193436
194004
194287
192038
193931
195005
194211
193417
193859
192591
194171
194214
192953
194529
194251
194161
193924
194329
194430
194794
194204
195042
194228
194009
192764
195274
194254
195194
193701
193009
194526
194527
194941
195036
195578
195217
193970
194898
194517
195259
194391
194548
194988
194392
195331
194821
194474
194876
195643
195626
194086
195250
194754
195456
195248
195755
196254
195668
194257
195597
195677
196075
195984
196382
195595
195847
196463
195710
196327
196301
195959
196609
196905
196789
196081
195829
195571
197118
196224
195973
195739
196542
196381
196140
196140
197173
196372
196775
196123
196143
196200
196557
197011
196488
196303
196754
197352
197658
196010
196992
196878
196257
198084
196801
198230
197866
197033
198027
195439
197270
197000
197912
198389
197415
197346
198033
196688
198298
197286
196892
197713
198247
197604
196952
197240
197916
197398
197945
197548
197923
197901
197250
197250
198587
198298
198258
198919
198920
198699
197494
198307
197417
197898
198470
198609
198417
198609
198090
197841
198976
198588
198698
198984
199088
198110
198654
198889
198813
198046
198997
197486
198167
196560
198307
198239
198786
198208
197934
198974
198479
198903
198205
198125
198990
196755
199715
198581
198666
198396
198153
197501
198477
199483
199175
198855
197560
199437
199072
199611
199826
200041
198829
199517
198853
200152
199047
200070
199764
199253
199730
199774
199400
199990
200156
199450
199426
198883
199185
198703
199930
199427
199638
199432
199581
200346
200419
199327
200969
198970
199358
200337
198546
200904
200327
199856
199982
199333
200055
200320
200331
200754
200416
200228
200951
199466
200516
200419
200600
200919
200502
200417
200902
200944
201313
201436
199269
199961
200438
200544
200913
200322
200870
200143
201002
200588
200732
199549
200941
201093
200190
199811
200723
201265
201215
200514
200700
200660
201406
200460
201264
200890
201463
200653
200589
200762
200608
200934
201187
200750
200149
201183
200923
201343
201581
200556
201314
200457
200548
201160
201338
202007
201949
201205
201305
201722
200745
201660
200664
201767
200838
200878
201405
201423
200851
200851
200520
202148
201572
201527
200545
201305
202272
200983
201304
201451
202316
200573
201823
201713
200154
201621
202822
202576
201933
201931
202727
202526
201279
201902
201411
201694
201876
202221
202343
201669
203276
201921
201936
200961
202003
200953
202209
202357
201904
202449
201374
202228
201865
201630
202606
200999
201870
201829
201533
201269
201504
202204
202254
202220
201060
201661
201152
202178
202029
201983
201283
191577
191130
192610
192186
192026
191578
192225
192474
192589
191470
190806
191302
192452
192204
192801
192136
192809
192538
192298
191934
191769
192965
192100
192596
192467
192841
193622
191611
191890
193013
192891
193759
192431
193905
193471
193631
194580
193144
193590
194055
192606
193454
193786
193433
193077
192014
192823
192491
193281
193725
193608
193101
194027
193877
193768
193704
194376
193542
193207
192730
193912
193966
193787
194389
193112
192925
194054
193182
194642
194446
194140
193287
193595
194346
195035
194056
194376
194710
194811
194552
194856
194263
195154
193997
194489
194647
194329
194211
195265
193964
195279
195555
194386
194837
195497
195575
194338
195184
195069
194574
194733
194707
195525
195172
195621
194965
196078
195660
195220
195505
194788
195002
195949
195572
195487
194701
195775
195476
194336
194486
194965
195670
193810
194461
195243
195683
196016
195865
195868
195066
195931
195588
196664
195293
195716
195292
195593
196568
196002
195969
196851
196118
196311
195890
197038
196004
195778
196551
195618
196164
196324
196545
197027
196837
197677
197007
197592
196158
197127
197550
196739
196612
196100
196459
196106
196163
197288
196852
197236
196744
197052
196991
196302
197644
198189
197450
197141
197398
197720
197276
196626
197655
197557
197758
197621
196803
197885
197771
198295
198441
197300
196991
198046
198051
197071
198222
197630
197748
198706
197257
198536
197082
198305
196712
197943
197077
198176
198107
198489
198808
198203
197701
198394
197358
197951
197941
198873
197895
197768
198004
197526
197679
199133
197640
197940
198386
198002
198528
198487
197910
198537
198288
197786
198737
197222
198214
197822
197850
197989
199154
190511
192234
190970
191158
190462
192088
192234
192054
192465
191898
191808
192554
192319
192381
191629
192011
193466
192298
192651
191065
192182
192937
192432
192760
191843
192044
192152
191912
192737
193009
193080
192992
192428
192032
193483
193568
192485
193264
193296
193053
192998
193597
191873
193499
193253
192949
193695
193214
193645
193502
193529
193075
193215
194579
194352
193651
194008
193913
194214
193737
193893
193999
194377
193174
195309
193727
193960
193783
194277
193449
194448
193905
193844
193920
193885
194227
194145
193955
193874
194407
195234
194502
194487
194711
194225
194045
193942
194970
194577
194490
194693
194404
194642
194992
195135
194981
195480
195196
194274
195091
195753
195296
193716
195083
194857
194856
194793
195071
195017
195790
194830
195250
195451
195669
196062
196301
195682
195143
195224
195569
196274
196079
195758
196076
196284
195812
195859
197082
196484
194865
196227
195737
196651
196656
196050
196468
195229
196146
196302
197364
196784
196831
197167
196353
197112
196621
196390
196295
195665
196380
196896
197136
196829
196394
197496
197397
196709
196729
196568
196223
197687
197145
197144
197488
196966
197682
196880
197354
197002
197616
197755
196980
197179
197044
197599
196937
198106
197093
197359
197361
198144
197015
197970
198264
198475
199043
197515
198205
198404
198963
198668
198692
199372
198237
198985
198731
198905
198691
197887
198301
198599
198155
197903
197928
197792
197988
197835
198412
198558
197716
198961
198531
198088
198898
198369
198001
198788
198693
197645
197681
197998
198455
199104
192336
191904
190981
191199
191879
192593
191924
192561
192219
192455
192717
192988
192363
191244
192477
192528
192854
192252
192436
191824
192353
192554
191753
192028
192418
192405
192267
193306
191535
193014
192835
193165
192973
191927
192983
193265
192664
194010
193155
193105
193129
193108
192486
193740
194068
192996
192880
192530
193329
192492
192182
193794
193766
193793
193179
194129
192539
193244
193385
194046
193332
193740
193652
194201
193962
194271
194355
192637
194107
194179
193853
193938
194071
193616
194662
193897
195995
193124
194170
194947
194504
194378
194474
194630
193548
194915
193744
194059
194230
193976
193870
193903
194518
195238
194187
194124
192744
194285
193993
193945
195333
194152
194922
195273
194981
194569
195311
194653
194017
195351
194449
194494
195455
195307
196211
194695
195206
195188
194787
195620
194516
195036
195800
195125
196113
195457
194887
196316
195295
194795
195434
195365
196063
196064
195931
195493
195669
195893
196161
196956
195644
196188
196008
196323
196185
196178
196006
196461
196033
196120
195900
196139
196412
195894
196735
196431
197473
196501
197295
196042
197243
197090
196342
196487
197330
196182
196866
196609
196353
197764
198244
196959
197040
197593
197647
197351
196934
197337
197715
197395
197419
197633
197176
197999
198014
197240
198441
197574
197218
196585
197366
196438
198010
198055
197442
197351
198310
198010
197698
196951
198874
198433
197896
198907
197952
197505
198391
198119
198213
198856
198898
198808
198122
198505
197951
198469
198846
198731
198990
199376
198658
199084
198554
198370
198999
198720
197688
198625
199138
197853
199431
199787
198509
199338
199686
199631
199252
200363
199655
199105
199227
199444
199501
199061
198420
199255
199378
199368
199156
200472
199953
199776
200539
200264
198916
198541
200229
199966
200168
199619
200035
200275
198466
198995
199903
199504
199747
200631
200366
200283
199865
199605
200039
199963
200261
198537
200684
200362
200880
199792
200570
201575
200436
201291
200369
200646
200302
200516
200397
200989
199081
201435
201358
200613
200694
200078
200233
200640
201271
200162
200445
200442
200928
201265
200356
200120
200582
199140
200892
200837
201329
201003
200879
201180
200537
199767
200989
200912
200157
200651
201216
200055
201044
201065
200898
201380
201148
201020
200887
201115
200361
200718
201601
200834
200903
199992
199267
201242
200897
200105
200466
200632
200484
200770
200321
201401
201155
200036
200535
201070
201213
200481
201562
201588
201024
199456
200889
200873
201518
200970
201026
201792
201150
201584
200527
200718
200300
200972
200698
201131
201231
201004
199933
200413
201060
200757
201044
201114
200633
201162
201561
201329
201967
201352
200991
202296
201996
200564
201656
201627
201835
201509
202193
201189
200951
202214
200716
202042
201424
201416
201882
201224
200794
202196
202176
201894
200973
202037
202528
201016
201637
201789
201769
202639
201323
202126
202006
202431
201730
201992
201060
201920
201894
201972
201223
202468
202012
201691
202494
201796
201405
201342
201446
201632
202003
201527
202677
202033
201890
201251
201136
201914
202663
201649
201124
201165
201806
201531
202236
201156
201380
201568
201826
202154
202396
201519
202633
202204
201810
201930
200887
201792
202614
202018
201116
201179
202015
202144
202368
201834
200863
202613
201543
201885
201900
201809
201666
200540
202182
201182
201296
202476
201657
202245
202371
202671
202764
201667
201342
201240
202569
201403
200949
200527
200762
200705
202168
202431
202444
201881
201083
201931
202076
201581
201678
200866
202438
202208
201200
201016
203016
201736
201395
202678
201076
201997
200974
201992
201019
201622
202368
201906
201991
202170
202204
202251
200539
201554
201311
201022
192356
192297
191846
191076
191153
191840
192352
191591
191441
191896
192181
191756
192317
191276
192389
191906
191490
191420
192447
192787
192503
192191
192676
193208
192817
192843
193580
193053
192257
192777
193329
193742
192627
193172
192658
192989
192425
193797
193105
192808
193804
193270
193356
193925
193933
193389
193115
194693
194277
194344
194491
193144
195278
194296
194023
193785
194252
192803
194100
194140
193713
194292
194680
194154
193676
193662
193893
193826
193739
193263
192021
194219
194170
194012
194560
194279
195113
193200
194323
193103
193395
194175
193360
194087
194695
193138
193245
194604
194724
194403
194517
194289
194386
193644
194636
194923
193988
194296
193941
194658
194821
194085
194061
194797
195060
195108
194645
194950
193902
195666
195141
195279
195719
194949
194467
195495
194885
195217
194931
194972
194498
195179
194702
194802
195032
195341
195952
193804
195745
195417
196241
195810
195158
195606
196310
195315
195519
195501
195851
195292
195768
194666
195272
195323
195935
195816
194949
195651
194754
195748
196238
195336
195612
195438
194885
194799
196274
195426
196300
195447
195744
194531
196033
196478
195578
196123
194841
195701
195728
195981
195989
196244
195635
195845
195823
195384
195881
195887
195903
195614
195609
196126
196525
196617
196334
195979
195787
196397
196567
196634
196137
197218
196823
196345
197212
196452
196117
197163
196910
196717
196583
197464
196954
197176
197892
197428
196832
196693
196900
197748
197174
197363
196340
197661
197320
196453
197111
196082
197292
197219
197426
197979
196913
198393
197979
197070
197805
198072
198536
198516
197455
198100
197108
198422
197923
195961
198568
198035
197901
197592
198188
198422
197821
198461
198559
198520
197700
198419
198370
198182
198804
198039
197788
198092
197908
199199
198587
198214
199010
199266
198737
199030
197716
199377
199285
198393
198378
198003
198785
199600
199170
198384
199224
198688
199634
199768
199459
199053
198387
198959
199171
199493
198027
199752
198230
199040
200010
199037
199102
199826
199973
199364
198574
199039
199950
199667
198780
199194
199314
199574
199554
199613
199883
199982
199184
200331
199863
199430
200213
199467
199374
198852
200002
200278
200148
199536
199643
200492
198960
200005
200626
200141
200981
200394
199767
200203
200050
200398
200539
200715
200026
200544
200670
200822
201561
201175
200195
200998
200539
200466
201458
201685
200938
200949
201925
200068
199867
200760
200791
201700
200300
201227
201326
200385
200401
200267
201852
200854
201421
200670
201300
201045
201671
201028
201169
200807
200988
202217
201378
202042
202231
201051
200235
202370
201769
201145
200910
201889
201648
201617
201434
201579
201732
201734
201840
202058
201746
201123
200133
201584
201466
201982
201633
201830
201291
200365
201872
201942
201776
202605
201947
201843
201902
202156
202288
200955
201500
201774
202003
201592
202143
201353
202198
201994
202362
200579
200503
202377
201299
202304
201234
201794
200558
202082
201813
202176
202110
202201
201903
201433
202657
201461
201345
202156
201952
201219
203194
201315
202392
202460
203341
202045
202638
200787
201685
202223
200802
202233
202316
201091
202919
202612
201567
201941
202075
201913
200890
202570
203250
202282
201959
201880
201899
201594
201735
201844
202568
203058
201551
202229
202625
202085
191025
191251
191266
192538
190889
190464
191174
191979
192596
192028
192114
192601
192095
192579
192742
193018
192361
191539
192274
191309
192246
191990
192250
191180
191987
192849
192020
193068
192613
192928
193145
192351
193176
193227
192978
192960
193045
192689
194102
192585
192893
193532
193624
193440
193301
193600
193849
193783
192389
193919
193772
192849
193500
193506
193872
193072
193183
192690
193199
193686
194394
194034
193642
193090
194346
193670
193495
194867
194413
193664
194933
195074
194175
194301
194477
194630
194329
194714
194911
194199
193525
194081
194467
195297
194444
195644
194962
194411
193831
194470
193499
195165
194106
195926
195239
194998
193734
195007
195650
194300
195310
194841
195548
194974
195712
195768
195368
195761
195681
195793
194564
195471
195867
195641
196061
195735
195499
196135
196315
196691
196157
196579
195163
196022
195918
194502
196014
196257
195849
196250
195695
195981
195458
196007
196382
195832
196331
195193
195171
196804
196610
196885
196961
195041
196609
196865
195491
196543
196160
196370
196117
196904
196913
196655
196937
196216
197547
197120
197271
196795
197214
197020
196913
196722
198253
197995
197594
198057
196742
198015
197353
197359
197687
197591
198020
196750
196592
197912
198188
197515
197221
197863
197102
197383
196726
197041
197480
197802
197032
197651
196698
196988
198012
197429
197599
197170
197462
198757
192267
190135
191633
191947
192335
192156
191601
192596
192077
191256
192129
192035
192186
192448
192805
191923
193246
192305
192946
192367
192243
191940
191931
192489
192811
192422
192330
193050
192475
192754
191920
192366
193285
193332
192180
193063
193505
193254
193104
192848
193410
192427
193433
193050
193288
193258
193590
193077
193647
194400
193386
193917
192609
193658
193730
193705
193431
193820
194554
193938
194616
193596
194632
194151
193344
193781
193992
193695
194388
193452
194764
193960
193952
194263
193265
194024
194416
194212
193678
194273
193376
194216
193120
192927
193798
194591
194449
194679
194296
193703
195303
194731
194782
195363
194149
194798
194438
194918
195088
194638
195663
195231
194921
195669
196097
196179
194508
194163
195253
195045
195494
194843
194847
195021
194715
195635
194298
195470
195268
195277
195037
195689
195069
195811
195339
194839
195084
194911
195621
195168
195391
196040
195586
195966
195873
196180
194930
196181
195866
196216
195189
195191
196131
196804
195098
196443
196034
196307
195977
196419
196703
196582
196516
196544
197039
196033
196799
196353
196684
196795
196137
197308
196917
197267
196037
196875
196911
196872
196893
197250
197666
197214
197207
197703
196497
196735
196535
197495
198062
197382
197849
198184
197749
198427
198675
198234
197757
197503
197892
196887
198384
197718
198243
197345
198292
197970
198019
198062
197899
197897
198518
198181
197103
197688
197971
198203
198063
198105
197543
198037
197732
198539
198262
198174
197498
