191598.30
191578.10
191595.90
191725.10
191768.70
191946.50
192073.30
192163.90
192079.90
191941.20
192104.40
192111.20
192145.00
191869.80
192328.90
192108.50
192457.30
191935.00
192447.60
192023.40
192221.80
192268.20
192391.10
192346.30
192539.70
192566.10
192755.00
192603.50
192346.20
192790.10
192565.10
192998.00
192867.10
192817.50
192845.60
193164.90
193162.50
193106.20
193098.80
192893.00
193134.90
193095.00
192997.30
193270.20
193330.80
193149.00
193118.00
193135.80
193212.80
193398.50
193312.00
193071.90
193588.00
193685.00
193405.80
193721.50
193498.30
193442.00
193760.60
193436.40
193869.80
193780.20
193929.80
193818.10
193652.80
193588.50
193649.70
193636.80
194025.80
193433.90
193914.40
194074.80
193997.10
193864.40
193899.20
193819.00
194480.20
194058.10
194030.80
194309.90
194233.10
194127.70
194204.90
194331.30
194265.30
194371.90
194331.80
194461.90
194334.30
194137.70
194326.10
194541.70
194504.60
194685.00
194493.20
194513.90
194204.80
194626.20
194478.70
194600.50
195012.10
194731.60
194432.80
194982.10
194906.80
195050.00
194735.90
194747.10
194767.00
195203.10
194740.90
195053.40
195091.20
195168.20
195212.80
195236.60
194966.70
195283.40
194981.00
195195.00
195262.56
195582.89
195309.67
195453.78
195537.11
195177.56
195660.89
195465.67
195716.33
195564.78
195702.89
195731.44
195895.56
195872.33
195918.00
195846.00
195750.44
195916.78
195929.78
196358.56
196260.00
196138.22
196229.67
196056.56
196109.78
196358.56
195834.67
196289.56
195937.00
196222.89
196409.11
196450.78
196383.00
196336.89
196557.89
196374.11
196785.44
196427.44
196764.44
196502.22
196705.44
196699.11
196716.44
196973.22
196593.11
196851.89
196716.67
196867.78
196776.78
197197.00
197412.56
197062.00
196668.67
197242.33
196910.89
196854.33
196974.22
197144.89
197521.56
197094.44
197038.22
197478.11
197152.56
197638.00
197443.22
197353.89
197261.78
197512.44
197604.11
197520.56
197338.56
197472.00
198045.67
197526.67
197608.22
197693.22
197758.33
197749.00
197713.12
197606.88
198059.50
197823.75
197798.62
197994.00
198069.12
197640.12
197769.88
197765.50
198060.00
198045.88
198263.50
198287.88
197828.75
198201.25
197943.25
198093.29
198495.71
197818.86
198075.71
198283.00
197960.00
198446.00
198400.29
198379.67
198114.50
198269.17
198054.50
198382.67
198191.67
198222.83
198515.33
198763.83
198147.83
198521.83
198343.50
198413.00
198810.33
198526.50
198537.17
198785.33
198469.60
199166.80
198476.00
199039.60
198787.20
198568.80
198445.20
198969.20
199214.20
199137.00
199015.80
198525.60
199306.40
199138.40
198840.40
198756.20
199547.00
199205.80
199507.00
199066.00
199395.80
199597.60
198930.20
199318.40
199415.80
199441.20
198996.00
199384.60
199689.20
200084.40
199407.60
199427.00
199411.00
199331.20
199534.40
199462.20
200062.60
199504.80
199331.60
199219.20
199834.00
200212.40
199309.00
200485.80
199605.60
199934.00
200005.00
199565.60
200261.60
200153.60
199903.60
199905.20
200068.60
199856.60
200094.00
199956.00
200069.20
200032.60
200055.40
200291.60
200076.20
199913.00
200711.20
200380.20
200142.20
200355.80
200324.00
200016.60
200468.00
200212.80
200643.60
200124.80
200273.80
200555.40
200010.00
199955.40
200225.80
201008.00
200043.80
200376.60
200651.60
200412.20
200261.60
200612.80
200642.00
200458.60
200411.80
200476.40
200671.20
200893.60
200349.40
200428.80
200893.00
201050.00
200637.60
200605.00
200245.40
201336.00
200637.80
200554.40
200856.20
200645.60
200649.00
200902.60
200875.80
200675.20
200733.20
200420.80
200933.00
201123.80
200648.80
201117.40
201041.20
200951.80
200911.80
200715.60
201421.20
201006.00
201104.20
200659.60
201247.40
201057.60
201274.40
201312.80
201006.60
200970.60
200750.80
201580.20
201164.20
201441.20
201579.80
201011.20
200869.80
201348.40
201205.80
201209.60
201256.40
201544.40
201246.00
201467.60
201410.40
201663.40
201464.60
201222.00
201387.20
201383.80
201756.20
201641.60
201467.00
201486.20
201569.80
202022.60
201528.20
201622.20
201260.20
201312.80
201617.20
202032.60
201243.00
201852.40
201431.80
201809.50
201516.25
201448.50
201538.00
201590.25
200884.75
201647.25
201840.25
201246.75
201747.25
201222.25
201841.75
201519.50
201504.50
201747.75
201135.25
202073.50
201384.75
201580.50
201069.50
201422.25
201668.50
201848.50
201548.00
201639.50
201408.75
201681.33
202191.67
201752.67
202015.00
201362.00
201395.50
201894.00
201977.50
201373.00
202935.50
201674.00
202141.00
201855.50
202238.50
201979.50
202650.50
201218.00
201404.50
201694.00
201304.00
201882.00
202276.00
201123.50
202149.50
202090.00
201696.50
202047.50
202235.50
201716.00
201761.50
202387.00
202530.00
202106.00
201423.00
201836.00
202256.50
201806.00
201425.50
201511.50
202291.50
202601.00
201959.50
202031.50
201744.00
202349.00
201543.00
201885.00
201900.00
201809.00
201666.00
200540.00
202182.00
201182.00
201296.00
202476.00
201657.00
202245.00
202371.00
202671.00
202764.00
201667.00
201342.00
201240.00
202569.00
201403.00
200949.00
200527.00
200762.00
200705.00
202168.00
202431.00
202444.00
201881.00
201083.00
201931.00
202076.00
201581.00
201678.00
200866.00
202438.00
202208.00
201200.00
201016.00
203016.00
201736.00
201395.00
202678.00
201076.00
201997.00
200974.00
201992.00
201019.00
201622.00
202368.00
201906.00
201991.00
202170.00
202204.00
202251.00
200539.00
201554.00
201311.00
201022.00
