192214
191506
191881
191820
191766
192383
192663
192669
191858
192451
191482
191600
192513
191984
192779
191355
192048
192052
192690
191499
191863
191146
192254
192877
193014
192174
191235
191643
193078
192442
191600
192136
192668
192632
192457
192655
192138
193308
192247
192888
192372
192384
192033
193401
193866
192285
193403
193244
193561
193321
193907
193410
193850
193622
194179
192589
192780
193126
193821
192788
194590
193849
193475
193555
193364
194484
194378
194702
194154
194391
194724
194572
194326
194427
194161
194589
193963
193959
194817
194256
194065
194292
194493
194276
194540
194029
194211
194338
193599
193975
193487
194565
193793
193279
193937
193978
194119
194018
194421
194519
194710
