192160
192003
191574
191059
191447
191638
192165
191542
192617
192409
191782
192506
192271
192721
191666
192010
192203
193051
193088
192622
192616
193201
193192
193548
192812
193087
193071
192767
192753
192427
192149
192635
193068
192320
192132
192900
192659
192873
193098
192774
192387
193354
192883
192549
193267
194157
191865
194063
193865
193315
192147
192308
192892
193525
192842
193859
193858
193174
193056
194565
193510
193032
193970
193758
194487
194640
194013
193669
194511
193674
194938
194453
194956
195115
194363
194215
194613
194642
194753
194509
194847
193990
195247
194559
194622
194861
194938
194816
194206
195782
194485
194454
195672
194696
194764
194433
194552
195325
194897
194699
194747
194802
194566
194720
194917
195416
195945
194702
195125
196348
195182
195431
195467
195851
195317
196013
195892
195734
196525
195011
195839
196083
196202
196348
196026
196417
195824
196417
196315
197238
196663
195930
197106
195974
197192
195869
195491
196719
196695
196254
196230
196684
195723
196843
196593
195658
196258
195640
194782
195355
196321
196105
196900
196623
196940
196885
196017
197037
196827
197185
196977
196660
196607
196903
197040
197673
198073
197087
197953
198223
196878
197558
196889
197501
198161
196596
197007
198493
197786
197214
197518
195614
197697
196736
197059
196920
197000
197968
197442
197302
197308
197185
197643
197473
197346
198237
198011
195357
196760
197550
