192478
192205
192362
191704
192645
192058
190832
192149
191583
192727
191992
192076
191507
191918
191318
191540
192193
191857
192524
191691
192011
192458
192395
192214
192549
191824
192044
193177
192367
192401
192879
192165
192997
192306
191113
192831
192304
192565
191686
192449
192764
191747
192869
192895
192439
192452
192023
192572
192776
193049
192302
192752
194141
192918
193155
193442
191723
192672
194100
193627
192709
193510
193003
193099
193941
193395
193980
194353
193411
194432
193795
193701
193187
193690
194265
193713
194059
193548
194704
194044
194055
192802
193275
194898
194182
194968
193467
194540
194311
194321
194046
194441
194768
195293
193495
195167
194610
194242
195015
193943
195286
194812
194564
195370
194390
195580
195182
195037
194566
195074
194385
195288
195445
194547
195318
195008
196359
193971
194673
195756
194990
196304
195498
195779
195441
196104
195514
196583
196030
196184
196363
195836
196276
197237
196406
195643
196309
196361
196933
197344
197659
197299
197319
196549
196297
196134
197072
196435
196127
196294
197502
197436
196779
198096
196190
197575
196653
198141
196715
198131
197096
196773
197586
197601
197539
197726
198391
197164
197128
198113
197018
197420
198252
197486
197638
197902
197720
198698
198202
197801
198539
197615
198785
198562
198657
196888
198901
197840
198512
197880
199191
197071
198849
198433
199124
197669
198276
198636
198702
198585
198648
198773
199299
198734
198853
198656
198438
198371
198749
198747
199916
199111
198505
199443
199284
197604
199008
198618
198473
199522
198545
198621
199239
198923
199357
199135
199043
197894
199469
198312
199243
199137
198666
199981
199942
199622
198987
198954
199986
200015
200350
199566
200683
200654
198875
200051
199899
199335
199641
200172
199896
199487
200731
200424
200426
200347
200735
199627
199723
199478
200665
200181
200094
200674
201002
200399
199969
200009
200198
199794
198420
199551
200139
200425
199105
199509
198905
200062
200780
200087
200576
200150
200148
199996
201039
199928
200257
199915
200951
200737
199487
199449
200628
199641
201062
198971
200845
201138
199751
201109
200901
200651
199644
202146
200420
200272
200947
200279
201194
200958
201349
200124
199905
201315
201416
200576
201045
201911
201431
201143
201598
200646
199036
201303
201236
200642
200337
201181
201114
201432
201029
201253
200682
201961
202139
201126
201917
200955
201483
202399
202172
200434
201449
200587
201692
201773
201011
201230
200916
201890
200191
201205
201602
201671
202398
202043
201925
202299
200931
201654
201570
201395
200454
201364
201370
201891
201086
201379
201310
200754
200802
201070
201049
199901
201230
202017
200732
200550
202078
201229
202406
202076
201090
201987
200873
200792
202752
201614
201262
200588
202281
201073
201658
202812
201513
201465
201847
200303
200442
201333
201421
200018
202153
201799
202384
201577
201992
201681
201703
200978
201698
201790
202815
201533
201121
201797
202167
201860
201847
201388
201388
201139
201809
201411
201217
202004
202140
201368
201384
201146
202010
202609
201627
201576
202067
202155
