192110
192429
192439
192261
192256
191931
191846
192536
192458
191835
192208
192214
192895
192731
192771
192568
192468
192708
192892
192555
192782
192626
193036
192298
192387
192985
193372
192867
192488
191632
192405
193514
193073
192535
193035
193271
192498
193095
193338
193255
193940
193920
193288
193696
193298
193608
193125
193395
192170
193060
194166
194078
193062
194317
193434
193238
193151
194496
193657
194000
193505
194138
194073
194789
193358
192713
194456
194662
194359
194735
193820
194062
195141
193228
194666
194990
194576
194383
195171
194133
195173
195014
195395
194339
194710
195835
195009
194557
196087
195783
194462
195528
195426
194763
196358
194616
194389
195762
195415
196060
195617
195840
195677
195361
195715
195613
195361
196150
196459
196314
196095
196303
195833
196461
195425
195816
196057
196540
195943
196948
195829
197266
195751
195833
196049
197269
196042
196958
195609
196919
197487
196060
196598
196093
197020
196785
197941
196979
198503
197708
197477
197408
196061
197046
197705
196894
197846
197492
196294
197970
197989
197266
197734
197398
198298
197504
196088
197656
197392
196490
197570
197479
197705
197798
197039
197911
196627
197413
197316
198418
198140
197055
196743
198057
197406
197061
198078
197894
197479
197589
199061
198781
197785
198844
197583
198966
197875
197697
197955
198331
198703
198071
197945
198354
197628
198729
198024
197763
197536
197902
198464
197712
198664
197382
198627
198799
199112
198724
198241
197854
199118
198072
198065
198152
198037
197591
199164
198196
199011
198385
198580
199276
198158
199724
198764
199108
198953
199664
198963
199802
199653
198635
199658
199210
199405
200092
200246
199843
199891
199120
199432
199554
200164
200291
199339
199824
199805
199871
199747
199016
199846
198897
198933
200083
199799
200256
199185
199026
200403
199721
198156
199267
200397
198580
199423
199967
199661
198849
198950
