191349
192485
192503
190898
192056
192802
192211
191483
191526
191909
191779
191970
192022
192303
192448
192039
192345
192232
191889
192523
192879
192827
193240
193302
193254
192146
192703
192017
192194
191720
193045
193019
191830
192675
192817
192625
192576
192106
193157
191709
192969
192567
191668
192887
192903
193716
192974
193223
192955
192218
192045
193015
192775
191548
191965
192696
193117
193112
193219
192408
193528
193071
192544
192375
193111
193453
193510
192502
192290
192489
193158
193495
193210
191933
193135
192925
192879
192952
193826
192056
192538
193908
193105
192718
193310
193940
193991
193016
193486
193987
193238
193449
193324
193252
193633
194240
194144
193025
194421
194017
193887
193705
194392
194628
193348
194141
194431
194687
194159
194965
194091
194551
194011
194422
194469
194638
193913
195244
195156
193655
193966
193714
195031
194633
194843
193565
196349
194736
194775
194428
195101
195579
195304
195780
194649
194949
195707
195118
195964
196209
195273
195459
195707
196479
195009
195863
196931
195996
196054
196702
195793
197489
195695
196722
195085
196198
196721
196032
195731
195873
196267
196287
196433
196564
195656
196438
196357
196114
195857
196261
196842
195632
196547
195436
196476
196663
196004
196676
197028
196942
195432
196488
195728
197064
196292
195939
196332
195467
196621
195968
196906
195677
196558
196699
196202
195630
196432
195850
195878
196594
196319
195434
196574
196982
196531
196427
197009
196804
197451
196943
195800
197616
196529
196950
197485
197199
196106
196870
197071
197382
197712
197507
198235
197234
196883
197838
197912
197364
197816
197879
197384
197079
197708
197730
197672
197607
197459
198305
198225
198508
198021
196967
198215
198516
198086
198283
198157
199035
198331
198866
198823
198736
198714
198683
198249
198750
199389
199428
199866
198653
198836
199115
198018
198274
199122
198825
199340
198687
198433
198953
199894
198285
199944
199202
198362
199261
199848
199418
199700
200478
199637
199670
199910
199965
199507
199314
198909
200382
199909
199694
200264
199476
199448
199315
200549
199796
199999
199310
200456
200720
200438
200658
199916
200092
200440
200884
200854
199916
200201
199191
200145
200039
199886
199956
199739
200686
200547
200485
200759
200475
199780
200744
199761
200273
200283
201047
200432
200911
200632
199841
200826
200453
200239
200330
200646
200148
198941
200319
200709
200739
201185
200190
201057
201365
200322
200860
199253
201217
199853
200355
202097
200251
199857
200189
200940
201299
201168
201125
200472
201447
201293
200289
200498
201601
200805
200829
199841
201246
200276
200656
201249
200904
201599
201015
201185
200359
201610
200994
201484
200226
200952
201079
200384
201115
201460
202167
201889
200328
201897
201123
200795
202011
201467
201640
202116
202294
201000
200830
202219
201050
200680
200992
200875
201814
202091
200922
200217
202121
202034
201095
201129
201664
201471
200097
201747
201310
201053
202124
202035
201728
201604
200333
201203
201708
202718
201511
202374
202491
201926
200409
200763
202043
202081
201805
201017
201379
201342
201817
201183
202042
201937
201920
202255
202048
201666
201945
201784
201207
201454
202064
202047
201351
201287
200774
201571
202495
201555
