191324
192289
192698
191590
191289
192151
192087
191967
191604
192653
191903
192410
192901
192566
191896
191202
192489
192535
192503
192850
192667
192958
191874
193395
192666
191808
192401
192000
193530
193203
193992
193403
193469
191835
192346
193072
193132
192556
193207
193882
193842
193793
193105
192936
192784
193757
193435
192407
192595
194287
193860
193694
193760
193757
193311
194090
193224
192768
193883
194503
194733
193629
193472
192651
192926
193840
193885
193314
193444
193439
193700
194127
193803
193543
194145
192874
192822
194338
192545
193153
192662
193930
193947
194363
194846
194036
194492
194128
193138
194061
193518
193883
193998
194747
194443
193596
195092
194858
195200
194978
193736
193520
194053
193706
195292
194800
193002
195034
193813
194715
193964
193614
194854
195160
193978
194995
194712
194856
194682
194474
193862
194626
195004
194449
194291
193740
194171
195100
194674
194584
195169
194773
194817
195608
194818
195071
194162
195407
195102
194972
194447
195471
194932
194180
195612
195202
194432
195387
195356
195741
195045
195440
194915
195306
196218
195598
195673
195536
195036
195714
195853
195164
195808
195575
195174
195922
195301
196268
195633
195794
196305
195578
196182
195849
196050
196148
195752
196347
196870
196322
196770
197111
196188
196752
196934
197113
196522
196669
197159
197432
197214
196319
197035
197068
197405
196492
197795
197469
197560
196907
198182
197317
197886
197069
198155
197693
197616
197125
197316
198896
197806
198323
197601
197593
198006
197790
198377
198071
196785
198631
197841
197389
197855
199002
198520
198883
198698
197677
198477
198653
199706
198302
199399
199027
199279
198895
199496
200035
199054
199025
199043
198932
198640
199290
198908
198795
199817
198872
199339
199383
199267
198998
199632
199254
198111
199354
199296
198033
199201
198385
198781
198673
199337
198893
199641
198877
199056
199383
199049
199684
