190988
192113
191076
192342
191726
192313
192817
192276
191875
191099
192370
192878
192020
192176
192213
192257
192527
191517
192557
192704
192397
192971
192910
191606
191439
192724
193063
192729
193524
193190
192439
193036
193138
193486
193549
192714
193265
192903
193060
193175
193017
193762
193248
193844
193186
193900
193533
193561
193310
192730
193634
193318
194658
193049
193938
194385
194443
193809
193867
194444
194717
194491
193838
194231
193853
194280
194574
194559
193418
194686
194115
194642
193058
195229
194919
194775
193709
194523
194905
194995
194677
194962
195193
194640
194636
194648
195490
195024
195069
194965
194731
194544
195095
194327
195459
194429
195386
194877
195024
195151
195522
195715
194841
196423
195439
195228
196283
196428
195177
195880
195701
196679
195631
195525
195015
194814
196333
196151
196445
196159
195951
195944
195985
196828
196486
197400
196010
196755
196712
197439
196211
196596
196035
197243
196434
197059
197584
196621
197335
197569
195731
195958
197065
197123
196234
197503
197085
197632
195328
196504
197953
197407
197165
197368
198019
196701
197560
197468
197116
197331
197784
197856
197583
197170
198157
197462
197627
197816
198427
197574
197616
198163
196326
199006
197483
199150
198341
198296
198113
198152
198827
197789
198238
197857
197713
198099
199187
198261
198717
198770
198490
199362
199701
198683
198089
199268
199403
199694
199091
199102
199351
198080
198064
199550
198346
199953
198476
198135
199773
199017
198748
199455
198066
199031
199262
200493
198320
198512
199765
198748
199580
199620
199045
199238
199935
198334
198965
198909
197696
200088
199540
199750
199247
199778
198451
198649
199441
200030
199241
199586
199895
199407
199214
198648
199899
199387
199965
199362
200201
200451
199152
200087
199581
199812
199161
199796
200028
200164
199008
200384
200520
200514
199059
199274
199611
201310
199966
200482
199788
200139
200282
200276
199720
199887
199121
200692
200422
200451
200253
200286
201355
197765
200195
200260
200529
200185
201402
199573
200233
200485
200142
201162
201242
200557
200623
200781
201128
200517
200791
201365
199720
200690
201347
200350
200960
201547
201067
201254
200024
201592
201831
201035
200942
200883
201258
201151
200698
202107
202023
200738
202052
201829
201857
200540
201266
200672
201197
202268
202193
201545
201989
201260
201079
200643
201263
201940
202082
201723
201774
201646
201770
201442
201770
201837
200866
200929
201987
200433
201548
201207
202248
202551
201915
201763
201767
201560
201651
202423
202089
201800
201191
201710
201873
201310
201741
201077
200644
202826
202145
201589
201856
200171
203024
201371
202596
201717
201212
201472
201616
201560
202056
201823
202145
201037
201136
201549
202076
201583
202734
202092
203040
201960
201301
201245
202339
202377
201579
201562
201648
202196
202141
202147
200793
200694
201235
201578
200618
202329
201840
203040
201157
200775
201324
201970
201009
202411
201745
202098
202276
201853
201301
