192664
192095
190681
192403
192039
191286
190946
191896
192226
191357
191950
191941
193000
192762
192509
191696
192505
192782
191698
191180
191721
193163
192291
192297
192766
192656
192288
192293
192883
192642
192387
192634
192070
192170
192657
193314
193054
193067
193650
193785
192869
193149
192288
193668
193564
192518
192936
193981
193178
193587
193561
193501
193600
194289
192673
193225
193414
194089
194053
193415
194168
194359
194203
193803
193593
194504
195153
193656
194852
194466
193646
195153
195451
193860
194623
194473
194032
194730
194358
194451
195091
194025
194053
195239
194956
195057
194107
195439
195447
194965
195504
195019
195209
194571
195007
194311
195285
195156
194704
195137
195047
194567
194726
195099
194254
194759
194043
194553
195212
195096
194909
195189
194869
195700
195121
194466
194632
195278
195438
194593
194288
