191893
192011
192753
191639
191570
191951
192534
192325
191865
191144
192674
191833
192178
192124
192337
192698
191064
193266
193218
193011
191271
193087
193052
192891
192733
192592
192845
192241
193565
192935
193834
193020
193216
193462
192303
192518
193732
193339
192836
193090
193541
193611
192181
193292
193052
194104
193081
192614
193969
193575
193362
193122
194086
191827
194161
193355
192823
194631
194141
194989
194234
194125
194169
193815
193913
193443
194037
194433
194006
194813
194242
194699
193785
195063
193383
195007
194323
194296
193886
195732
195411
194548
194459
195118
194676
195401
193473
194141
194197
195374
194511
195434
194496
195254
194678
195214
195247
194731
195477
194639
195287
195270
196169
195551
195011
195317
195517
195149
195130
195284
194793
196678
195557
196244
196413
196275
195840
196120
196280
195162
196660
195831
196178
195369
196499
196199
196402
195800
195592
195950
196247
195774
195422
195977
195873
194500
196626
196183
196512
194288
196350
196601
196958
196878
196717
195323
197369
196502
196308
195775
196799
197027
197403
196524
196515
197355
197481
195668
197400
196777
197150
197150
197156
197207
197488
197584
197516
197469
197639
196410
196783
196703
197638
196846
196832
196814
198085
197489
197067
197847
197541
196919
197162
196690
197566
198243
198136
196123
198418
198436
197601
198128
197810
198195
197559
198771
198268
197547
198403
198520
198499
198048
198078
198624
198587
198236
198710
198474
198482
198675
198462
197834
198526
198929
198244
200027
197991
198401
198804
199403
198410
198035
199134
198790
199906
199149
198358
199077
198447
199525
199007
199383
200125
199393
199685
199049
198735
200049
198392
199394
198890
199284
199214
199751
199337
200034
199995
199706
200047
199894
200361
198684
200333
199562
200452
199959
199530
200800
200260
200894
199774
200106
200602
199906
199868
200287
201058
200735
199803
200822
200911
200223
200817
200615
201424
200084
200592
199654
200321
201050
200413
200035
201419
198466
200517
200230
200576
200016
200913
201304
200133
199994
200588
200714
200253
200260
201038
200376
201416
201291
199293
201916
201317
200430
202005
201036
200751
200704
201056
200722
201660
201001
200905
201657
201429
201176
200904
201057
201086
200858
200125
200482
200066
201377
201313
201184
201514
201158
200650
201207
201528
201197
200779
200477
199447
