192177
192007
192674
192014
192120
192390
192339
192267
191780
191751
191580
192359
193024
191889
192008
192122
193163
191788
191951
191938
193369
192946
192061
192810
193430
193289
192023
193391
192045
192344
193456
193251
192206
193185
193304
193249
192573
193139
193483
194521
193337
192506
193834
192933
193357
192777
193087
193673
193369
194043
191988
193892
194173
193576
193563
193318
194026
193755
194593
193464
192708
193517
193682
193941
193790
193922
194018
193206
194048
194180
194192
194400
194641
194358
193985
193655
194091
194793
193580
194251
194154
194280
194688
193904
192783
194777
194550
193683
194741
195469
194610
195046
195016
195041
194781
195203
195455
195097
194990
193836
195770
194375
195278
195146
196178
195619
195539
195206
194854
194360
195736
195042
195609
195759
194864
195993
196290
194268
195997
194547
196044
195494
195912
196162
195262
195425
196253
195452
196500
196470
196825
195462
195969
195900
196439
196488
196371
195149
196666
196220
197008
197115
196942
197045
196040
197422
196504
197291
197477
197429
197434
196261
197808
197453
196651
198001
197092
198207
198595
197683
198046
198676
197094
197155
197377
198464
197726
195941
195251
197170
197022
198126
197890
197385
197270
197988
198071
197404
198113
198251
196744
197444
196893
196885
197899
196606
198786
198034
196339
191606
192031
190467
191658
191701
192217
191880
191811
192301
191703
191758
192040
191891
193016
192750
193720
190828
192020
192172
192721
193929
192591
192538
192720
192758
193104
193557
192935
192680
191349
193056
193669
192753
192730
194418
192569
193530
192797
193162
193150
193582
193035
193290
192970
194154
193974
193915
192791
194610
193108
193718
194978
194302
193387
192962
194812
194461
193152
194692
194808
193959
193849
195200
194238
194340
195535
194890
195094
194454
194655
194597
194793
195186
195258
195015
194859
194750
195506
194936
196030
195137
194652
195006
195361
195481
195504
195413
196028
194826
195356
194267
195784
195178
195624
195567
195995
195542
196084
194747
195829
195592
195521
196019
195938
196565
195782
195959
195269
196063
196636
196321
195886
196528
195932
195421
196381
196719
196844
196847
196805
196104
197198
196755
196206
196990
196910
196087
196350
196706
197594
197104
197157
197397
196610
197849
196422
197909
197740
196755
197421
197053
196836
197651
198319
197683
197400
196899
197353
197573
198311
197254
196861
198375
198015
197756
198050
198619
198301
197824
198445
198038
197434
197792
198164
197409
198213
197086
198779
199341
198305
198820
198532
198592
198215
198705
198884
198642
197875
198394
198635
198416
198308
199512
198589
198082
198265
199768
198716
199570
199516
199396
199520
198905
198559
199542
199864
199795
200235
199555
199122
199652
200449
199914
199517
198369
199904
199402
200441
199618
198955
199903
200113
199175
200158
199875
200514
200065
200054
199238
200583
199859
200492
200542
200169
200741
200232
200061
200056
200260
199413
198993
200306
200694
200812
200352
200643
199989
201500
200723
199832
200544
200644
201397
200606
200721
201252
200529
200823
200854
199902
200306
199589
201277
200708
200895
201128
200218
201111
199028
201512
200377
201756
201089
201237
201418
201364
201366
200806
201094
201043
201387
201251
200670
201837
201535
201752
201691
200972
201060
201026
201453
201598
200262
201581
200819
201007
202116
201531
202024
202345
201195
202181
201351
201237
201135
200879
201639
201471
201946
201987
202597
202633
201647
200104
201710
202378
200701
203059
201494
202097
200473
202081
202011
201427
201953
202047
201479
201734
202699
201854
202096
202302
201489
201658
201766
202429
202058
201876
202662
202470
202226
202386
202338
202022
201833
202869
201993
200677
201409
202037
201463
202285
202390
201797
202770
203123
202255
202478
202116
202469
202863
201282
202700
201777
201136
203462
202088
201650
202096
202030
202768
202327
201972
202945
200673
201751
203006
201489
203036
203118
202637
202282
202472
202212
202491
203056
202587
202810
202207
202886
203314
201857
202794
201932
202036
203163
202392
202601
202665
202166
203364
202073
201842
202212
202515
202995
203298
202005
202966
201806
202534
202104
201903
201052
202816
202472
202384
203185
201530
201346
202961
202443
201965
203280
202230
202908
203035
202690
202936
203651
201347
201860
202924
202026
203784
202695
202577
201773
201265
202636
202622
202722
202583
201669
203665
202982
203295
202520
202080
202102
202196
202657
202977
202701
202732
202916
202731
202122
201942
202050
203098
202384
201962
202276
202985
202690
202580
202700
203577
203513
201402
202900
202947
202197
202829
202134
203018
203021
202874
202435
202848
202434
202241
201668
203101
203011
202706
202931
202560
201237
203021
202795
202803
202299
203331
203132
202129
202421
202828
201612
192110
191986
191636
191896
190707
192550
192730
191529
191382
191185
192561
191974
192201
192595
191533
192762
191779
192252
192776
191426
191285
192537
192923
192976
193704
192380
192568
192638
192943
192521
192117
193643
193863
193452
192509
193181
192939
194571
193219
193098
193713
192608
193699
193439
192718
193945
193226
193446
192818
193980
193851
192833
192288
193025
193809
193374
193905
193114
193244
192959
191723
193747
193650
193731
193969
193570
194785
193733
193785
194209
193695
194646
193079
194229
193695
193387
194796
194660
194019
194518
195331
194880
194741
195391
194795
193776
194306
195051
194920
193776
194035
194873
194498
194370
194744
194012
194594
194353
194508
194303
194577
194756
194892
195752
194126
195240
193100
194698
194926
194440
194610
194985
195130
195162
194756
194413
194844
194634
195524
194928
194576
194201
194416
194545
195200
194378
194695
194402
194285
194697
194901
194920
195692
195213
194678
195952
194529
195950
195947
195919
194656
196024
195716
195701
195265
196508
194581
195351
195558
196058
195579
196212
195707
195501
196628
196108
195476
196422
195599
196336
195480
196613
196854
196185
196206
194906
196505
194748
195348
196247
197420
196415
196735
196293
196643
197217
197172
196997
197492
197482
196210
197265
197304
196275
196584
197447
197342
197263
196397
197236
197128
196987
197396
197316
197640
197786
197047
197385
197999
197218
197801
197014
197316
198842
198813
198692
198487
198920
197761
197087
198167
197177
198476
198389
198683
198527
198339
198672
198652
198334
199059
198668
199508
198302
198436
199018
198339
198396
198538
198879
199074
198734
199679
198873
200022
198374
198345
199103
198315
199262
198400
197825
199028
199504
197913
199409
199512
199821
198990
199820
199675
199610
198125
198614
198540
199549
199586
198914
198981
198390
200274
199251
199414
199146
199255
198720
198543
199850
199905
199620
199052
200051
199929
199354
199503
200295
200168
200206
199666
200224
199300
199957
200373
200658
199852
200129
200316
199941
200696
200014
199884
200235
200738
200680
200479
200199
200478
200671
200941
198771
201158
199861
200404
200935
200675
200278
201335
200266
200750
200812
201293
201037
200950
200836
200310
200679
201080
199739
201882
200690
201437
200328
201952
201293
200665
200331
201941
200508
200756
201023
201676
200642
200302
200819
200324
200739
200037
201606
201733
202010
201961
201532
201899
200614
201657
200874
200629
201652
199455
201315
200608
200469
200888
201318
200584
200605
201891
201534
201831
200603
201664
199950
202285
201849
201442
201075
202141
201210
201914
200439
201911
201260
202002
201178
201724
200881
201288
200197
201290
201745
201488
200729
201475
201562
201477
201467
202753
201519
202483
202490
202226
201986
201971
200725
201839
202168
201123
202040
201796
201707
201435
201383
200192
201779
200724
201987
201806
202099
202056
200778
201694
200478
200319
201549
200591
201446
201080
201916
201570
202217
201886
200881
191373
192228
192226
193265
192126
192091
190834
192404
192207
192327
192357
191722
192484
191092
192810
193005
192161
192042
191557
193287
192838
191324
192318
192629
192807
192425
192981
193126
193403
191262
193446
192477
192692
193743
192338
192595
192971
193381
193281
193428
192693
193280
193800
192522
193127
192835
192847
192434
192593
193190
193306
193618
193971
193426
193242
193884
193613
192574
193375
193224
193888
193893
193716
191272
193468
193921
194220
193928
193641
193341
193326
191945
193576
194651
194501
194628
194031
194276
195159
193325
193692
193667
193450
193721
193447
193414
194941
194400
194124
194795
195008
195085
193559
194002
194758
194635
193804
193932
195260
194597
194780
193260
194164
193690
193786
194210
194679
194707
194328
194134
193416
194298
194208
194693
194094
194031
194452
195726
194769
194395
194050
194915
194409
195151
194591
195272
194837
194983
194761
194976
195626
195806
194928
194989
195306
195896
195656
195928
194989
195601
194917
195054
195775
195070
195317
196336
196033
196071
196325
196136
196195
195525
195189
196280
196705
196080
195879
196531
195785
196936
195911
195824
195718
196494
196819
196389
197258
196296
197071
195964
196970
196856
196270
197752
197451
196447
196854
196447
197734
197057
197103
197914
198282
197465
196882
196856
197921
198221
196725
197859
197776
196609
198243
197858
197394
197331
197948
198698
198234
198204
198362
198779
198422
198751
198888
198368
198606
199245
199294
198792
198748
198374
199155
198943
198046
198787
198969
197937
197789
199237
197626
199338
199267
197986
198645
199531
197582
199273
197448
199054
198913
199112
199257
199096
198644
198342
198783
198898
198086
199234
198076
198139
199225
198909
199170
198622
198890
198117
198347
199070
199040
199096
198690
199097
199053
199706
198706
198962
198087
198886
199943
199461
199034
198706
198607
198849
198652
199902
198587
197731
198870
199691
198944
198824
198299
198679
199640
199214
198948
199171
200012
199637
199749
199712
199466
199608
198986
199589
198894
199714
200375
199627
200847
199903
199818
200133
199415
199826
199521
199504
199021
200000
198508
199735
200402
200777
197974
200503
201188
200008
200248
201149
200582
200233
200449
200889
200406
200807
200961
200270
200598
199251
201314
200174
200571
200253
200953
200030
200854
200662
200778
201058
200350
201884
200288
200452
200227
201185
201283
200232
199642
201366
201144
201639
201458
201528
201736
201036
200957
200656
200828
201845
200899
201373
201125
200691
200511
201367
201629
199961
200875
200190
201374
200243
199557
199220
200985
200745
201246
201312
200681
201920
200861
200347
201431
201139
201328
200518
201476
191922
191776
192231
190285
191567
191494
190940
192771
190604
191481
192407
192432
190321
192680
191922
192079
192112
192162
193158
192989
193310
192719
192250
193485
193078
193557
193361
192659
193278
193660
192447
192998
193161
192998
193183
192899
194302
193204
192784
194039
193947
192936
192200
193174
194045
193376
192737
193271
193328
193578
192928
193704
193176
193734
193838
192766
192816
193778
192791
194020
192369
192637
193487
192913
193862
193974
192838
192378
192655
192522
194170
193996
193262
193322
193720
194141
193649
193599
193586
193510
194416
193876
193577
193995
193929
194333
193770
193733
194001
194328
193674
193834
193897
193879
194368
194946
193199
194037
194263
194315
194769
194963
194414
194217
192697
194602
194882
193402
194566
195430
195049
194647
195037
195048
195122
195607
195288
195398
194654
194281
194140
193992
194727
194887
194652
193577
195118
195506
194833
194504
195144
194549
195294
195384
195866
195441
195902
194910
194459
194720
195009
195751
195244
196156
195759
195676
195558
195714
195490
195102
195729
195403
195677
195369
195911
196454
194518
194441
194668
195840
195019
195639
195929
196183
196207
195903
196538
195345
195427
196354
197283
196510
196422
196521
197173
196632
196382
196751
196944
196526
196243
196841
196673
196146
196438
196780
197087
196681
197361
196474
196338
196682
197423
196769
197382
197570
197204
197478
198933
196882
196964
198252
197683
196607
196941
197888
197670
198383
197384
196583
197813
198787
197620
197959
198126
198427
197879
198253
198058
198051
199104
198704
198154
198171
198767
197540
199116
197856
197722
198497
198625
198164
198266
198772
198716
198742
197111
198666
198974
199264
199043
199273
198131
199022
199925
198506
196977
198872
198796
198907
199120
198339
197656
198250
199353
199314
198636
198797
198945
198365
198378
199910
198874
198672
199188
198974
199743
199677
199660
199124
199173
200091
200087
198594
199765
198791
200019
199433
200096
199644
200132
199731
199946
199922
199717
199773
200363
200783
199934
199443
200229
200039
200433
200109
199497
201006
200977
200529
199317
201618
200704
199342
200987
199984
199805
200759
200112
200230
200155
200800
200962
200662
200985
200538
201333
200497
200522
200817
200720
199512
200992
200922
201507
200475
201111
199598
201129
200671
200206
201167
200756
201335
199655
200945
201391
201182
201095
201166
200911
200758
200661
200525
200660
201347
201100
200855
202063
201737
201305
201770
202037
201695
202102
201275
200455
201491
201629
201891
201769
202233
202587
201809
201562
200691
202155
201868
201770
201414
201765
201437
201405
201099
201901
202065
201366
202315
201538
201336
201176
201681
201285
201591
200650
201374
201932
201393
201708
202197
202260
202303
201105
201512
201335
200578
201131
200381
201152
202166
202610
202074
201152
201161
201934
201218
202600
201598
201617
201799
201467
202431
202541
201630
202322
201641
202329
202929
202214
202646
201848
200904
201256
202112
201485
202406
201665
201368
201815
201147
202096
202349
202216
201339
202382
201970
201504
202667
202074
201568
201832
201817
201424
201692
201467
201662
201161
201371
200581
202714
192125
191279
192037
191901
191386
190844
191882
191779
192846
191799
193093
193015
192656
192862
191364
193207
192913
192690
191658
192058
192046
193171
191854
192877
193301
192231
193370
192745
192898
193762
192287
192689
193493
193078
192579
193439
193646
193274
192758
192135
193372
193098
192350
193411
194180
193158
191978
193458
193374
192485
192564
192702
192553
193844
193757
193536
192946
193684
193072
193214
193911
194433
194670
194813
193301
193698
193809
194144
193864
194285
194551
194203
194737
194191
194112
194925
194576
194118
194822
193724
193654
194690
195594
194093
194068
194273
195403
193976
195078
194756
194993
195416
194933
195132
194988
195723
195574
194981
194897
194918
195007
194558
195864
194933
195307
195116
194938
195478
195092
195498
196081
195537
195356
196336
194947
196165
196418
195903
196211
195499
195146
196453
196105
195738
196032
196166
195522
196406
196414
195490
196458
196978
195776
196301
196745
197091
197006
196824
196524
196945
196301
197780
197398
197130
197285
196479
197254
197607
196543
196610
196939
197084
198011
197913
198132
197725
198566
197138
196424
198028
197712
198016
198031
198154
197424
198156
198599
198638
198799
198956
198487
197778
197686
198592
199085
198641
198939
197683
198741
198149
198587
198630
197592
198795
199237
198535
197801
199510
198084
199515
198495
199128
198688
199639
199531
197330
199036
199477
199192
199612
199201
199172
199749
199754
200158
200174
199472
199995
200079
199717
199841
199779
200727
200167
199839
199529
199307
199531
200035
199220
200151
200211
199695
200334
199892
199653
199949
201190
200531
200194
199696
200305
200409
200428
200644
201439
199857
201057
199181
201227
199887
199301
200313
200208
200140
198889
199654
200534
200802
200397
200016
200076
201108
200523
200353
200579
200091
200058
200128
200753
200900
201151
199988
201425
200370
201203
201304
200966
200945
200993
201304
200996
200473
200662
200497
201543
200733
200513
201021
201079
200620
200475
201646
200970
200161
200650
201356
200369
201369
201763
200445
202013
200657
201227
200147
200589
201536
201055
200269
201209
201040
200586
201817
200744
199907
200821
199873
199503
200507
200855
201941
200347
200956
201389
200882
201002
200666
201870
199202
201837
191083
192137
192158
192685
191886
192009
191324
190660
191952
191575
191993
191588
192029
191994
191591
191256
193006
191445
191845
191930
191801
191371
191802
192745
191669
192330
192108
192515
191932
192369
191524
193218
192733
191912
191935
193366
192078
192666
193235
193297
192778
193417
193175
192176
191755
193185
192162
193062
192338
192855
191818
192771
193823
193637
193273
192890
193604
193487
193355
192983
194072
193952
193652
192697
193324
192910
193101
193277
193730
193597
193663
193002
193807
194407
193865
193892
194711
193301
194639
193684
194967
194498
193945
194448
194817
194806
194455
194489
193908
193853
193727
193866
193591
194231
193482
194399
193823
194635
193307
194081
194332
194143
194750
195200
194222
194589
194668
194084
194554
194550
194166
193912
194367
194982
194897
193877
193928
195241
194056
194548
194595
194548
195252
194278
195325
194194
195928
194569
194599
194968
195083
195255
193423
195602
195289
195034
194478
196113
195079
195919
194880
195168
194942
195397
196124
195910
195994
196006
196127
195715
195256
196584
196093
195746
195970
196038
196271
195235
196490
195879
195167
194957
196362
196838
196105
197423
196875
195688
196774
196324
197064
197098
197472
197131
196930
197101
197266
196121
196028
197202
196433
196975
196508
197322
196412
196777
197030
196586
197350
196468
196361
195955
196270
197684
197318
196569
197393
196924
197672
197599
196372
197300
197235
196728
197171
196752
197397
196483
196487
197228
197744
196828
196136
196876
197866
198266
197566
197826
196883
197801
197472
197978
197230
197593
197477
197846
197935
197809
197036
196958
198544
197752
197599
197175
198259
198351
198354
198303
199170
197861
198083
198031
198707
198917
199211
198624
199288
198835
198286
198667
197770
199226
198888
198267
199243
199107
198557
199413
198639
198596
199287
199211
198426
199027
199313
199154
199134
198417
199421
198882
199135
198866
199554
200012
200097
198298
199502
199404
198144
199295
199347
198136
198895
199848
197818
200554
198562
199322
199097
198509
199653
199403
199694
198801
199414
199883
199580
200493
200230
199550
199335
199645
199743
200128
199391
199105
199764
199946
198317
200277
199890
200676
199836
200072
199716
200558
200378
199837
200621
200504
199600
199442
199127
200401
201221
200478
200140
200294
200592
199978
200236
200492
200090
200610
200785
200732
200002
200635
200796
200277
200159
200265
199578
200444
201212
199544
200490
200217
200236
200439
200456
200698
200336
199716
199834
199982
200180
192667
191658
191981
192401
191217
192876
192258
191663
193116
191546
191989
191776
192586
192119
191705
192833
192107
192100
192156
193070
191470
193192
192572
193369
191889
192249
192806
193260
193166
192069
192923
193447
192998
193203
192655
192485
193403
192744
193861
193912
193572
193661
193910
193435
193932
193383
193546
193490
193846
192915
194748
192464
194333
193054
193550
193173
193935
193627
193420
193914
193078
192882
194243
193192
193028
193554
193752
192614
192713
194092
193618
193340
192310
192508
192388
191296
191524
191374
191282
191631
192984
192095
191943
191876
192773
191565
192099
192503
192991
191895
192360
192422
192901
192726
192217
192719
192727
193146
192771
193395
192340
192107
192847
192854
193494
192046
193797
193805
193489
193392
193151
193565
193558
194042
193599
193993
194471
193049
194781
194035
193590
194421
193856
193355
193339
193701
194646
194179
194899
194438
194401
194109
195090
195253
194887
193283
194439
194785
194847
195108
193726
193797
194746
194916
194353
195380
194986
195229
195202
195367
195546
195014
195712
195590
194755
194978
196244
194499
194726
195481
195301
196285
195438
195111
194990
195759
195489
196160
194875
195964
195076
196694
196144
195688
195857
196707
195756
195915
195103
195660
196464
197258
195665
196387
196567
196049
196812
196793
195957
197448
197128
197681
197282
196123
197308
196924
195677
197723
196878
197299
196997
197868
196799
196808
197380
196964
196525
196899
196530
196156
197286
196865
196773
196488
196714
197431
196632
196825
196843
197362
196837
197318
196475
191391
191145
191201
191392
191764
191871
193062
192143
191331
192032
192200
192796
192209
192731
191614
192390
191789
193385
192455
192894
193242
193043
192386
192299
192328
192274
191300
193296
192564
192726
192973
192531
192769
192990
190720
192697
192825
192156
193257
191778
191855
192315
193808
193111
194167
192583
193077
193373
192834
193420
193379
191691
193540
192359
192226
192229
192929
193249
193015
192753
192639
192445
193797
193547
191976
193272
193881
192768
193089
191658
193644
192800
192675
193205
192020
