191876.40
191875.50
191899.90
191879.30
191599.80
191971.60
191853.10
191865.80
192050.30
191749.40
192188.10
192157.80
192217.40
192254.30
191939.60
192587.70
192284.90
192177.90
192208.80
192473.50
192619.10
192562.00
192292.10
192862.90
192769.10
192698.50
192684.50
192996.00
192724.90
192416.90
192707.60
193077.70
193016.20
192933.70
192743.80
193028.50
193175.60
193132.40
193219.10
193292.30
193240.70
193089.80
193366.50
193116.40
193590.60
193226.50
193135.60
193303.30
193270.00
193399.50
193215.60
193200.80
193549.80
193374.30
193486.60
193416.10
193713.40
193485.80
193595.80
193544.80
193343.70
193660.80
194098.40
193362.70
193549.70
193914.10
194014.10
193625.00
193570.50
193633.60
194020.20
193804.10
193924.00
194333.44
193988.78
194339.50
194475.75
194452.50
194535.88
194257.00
194632.88
194516.62
194469.50
194486.38
194445.50
194422.75
194695.50
194605.12
194612.38
194827.25
194469.00
194876.88
194457.75
194754.75
194772.12
195134.12
194608.25
194885.38
194631.00
194821.62
195121.38
194658.00
195154.75
195197.88
194829.62
195134.12
194858.50
194813.00
195105.88
195288.25
195130.50
195086.75
195350.25
195495.12
195114.12
195407.50
195487.00
195682.75
195648.25
195335.50
195242.12
195365.50
195610.50
195486.38
195466.12
195455.62
195664.75
195620.88
195636.88
195820.88
195992.50
195866.88
195732.38
195870.38
196087.12
196152.88
196047.62
196096.25
195963.12
196201.25
195824.62
196277.00
196297.75
196531.12
196263.12
196569.50
196208.25
196594.38
196491.25
196584.88
196357.62
196275.71
196694.29
196611.00
196821.86
196922.29
196631.57
196610.71
196483.57
197021.00
196481.86
196737.00
196825.71
197024.71
196792.43
197064.86
197226.71
196490.71
196858.71
197045.71
197580.86
197330.71
197295.29
197412.71
197608.14
197558.57
197618.00
197039.71
197635.14
197614.57
197105.14
197625.29
197537.71
197353.86
197362.00
197323.71
197962.14
197858.71
197403.71
197844.67
197582.33
197480.17
197820.83
197970.83
198134.50
197741.67
198070.50
198366.17
198597.50
198106.17
198058.67
198494.33
198386.50
198366.50
198390.00
198629.67
198505.67
198911.17
198437.17
198060.33
198702.67
198509.67
198548.17
198748.67
198739.17
199008.33
198687.50
198712.17
198442.50
198871.00
198878.50
199231.83
199066.00
198759.17
198993.00
198970.00
198830.33
199096.67
198589.17
198832.50
198974.17
199062.17
199317.33
199192.67
199439.50
199315.17
198739.83
199587.83
199074.83
199446.67
199005.50
198868.83
199466.83
199527.67
199513.33
199217.00
199141.67
199500.33
199345.83
199460.50
199321.17
199322.67
199290.67
199243.17
199572.83
199897.17
199299.00
199542.50
198968.00
199417.00
199859.83
200123.33
199470.83
199702.17
199691.83
199710.67
199790.33
199936.33
199935.33
199565.50
199820.17
200157.67
199942.83
199880.50
199949.33
199893.00
200292.17
199957.00
199822.50
200073.17
200144.00
199922.33
200145.17
200448.50
199638.83
200286.83
200283.17
200255.83
200335.67
200298.00
200296.83
200583.00
200620.00
200326.17
200081.67
200448.17
200604.17
200674.17
200370.67
200439.83
200642.50
200344.50
200517.67
200271.67
200315.00
200686.33
199959.83
200584.50
200401.83
200808.17
200801.17
200992.00
200886.67
200749.17
200773.83
200945.33
200755.17
200800.67
201014.17
200777.83
200944.60
200449.00
201077.80
200800.20
201066.80
200617.80
201244.20
200675.80
201014.00
201060.00
201134.40
201182.60
200547.00
201256.00
200924.20
201194.80
200670.80
201053.80
201226.40
201062.80
200777.20
201194.60
201134.20
201168.20
201639.40
201184.80
201434.60
201424.00
200813.80
201329.80
201358.40
201197.80
201385.00
201091.80
200626.80
201246.20
201259.80
201610.50
201831.25
201206.75
201973.50
201069.00
201798.25
201432.00
200956.75
200978.50
201975.50
201214.50
201990.25
201576.50
201658.50
201640.25
201809.00
201450.50
201753.00
201847.75
201685.25
201215.25
201537.25
202104.00
202029.00
201392.33
201639.67
201622.67
201815.00
202007.67
202284.33
202105.67
202469.33
202319.67
202231.67
201857.00
201716.00
201171.67
201828.33
201848.00
201857.67
202070.33
202457.33
201862.33
201707.00
201549.33
201343.00
201349.67
202046.67
202019.00
201935.67
202361.00
201684.33
201518.33
202398.67
201517.00
201535.33
202156.67
201716.67
202427.67
202109.67
202417.33
202118.00
202257.33
201496.33
201617.67
202204.50
202216.00
202724.50
202031.50
202196.00
201460.00
201680.50
202492.50
202419.00
202030.50
202482.50
201819.50
202584.50
202824.50
202684.50
202044.00
201956.00
201959.50
201810.00
202174.50
202222.00
202181.50
201946.50
202143.50
201656.00
202418.00
201942.00
202050.00
203098.00
202384.00
201962.00
202276.00
202985.00
202690.00
202580.00
202700.00
203577.00
203513.00
201402.00
202900.00
202947.00
202197.00
202829.00
202134.00
203018.00
203021.00
202874.00
202435.00
202848.00
202434.00
202241.00
201668.00
203101.00
203011.00
202706.00
202931.00
202560.00
201237.00
203021.00
202795.00
202803.00
202299.00
203331.00
203132.00
202129.00
202421.00
202828.00
201612.00
