191326
191988
191454
192199
192319
192380
192391
191893
191990
192261
191486
189928
191820
192202
193363
192244
191894
192133
192837
191689
192887
192275
193256
193288
192847
193093
191829
192810
193071
192806
192933
193607
192130
193708
193702
192749
193723
193744
193293
193982
193749
193783
193295
193187
194090
193506
193624
194286
194252
193263
193309
194209
194417
194764
193968
194365
193875
193899
193418
194212
193729
194090
194448
193224
192741
194091
193886
193953
193649
193278
194186
194466
193990
194076
193528
194661
194023
194982
194286
194557
194058
194457
194538
194406
193584
193905
194264
194199
194302
194667
194322
194464
192885
195016
193788
195168
194527
193510
193914
194373
194461
194568
195194
194988
195237
195238
194493
195197
194110
194844
194886
194897
194074
195497
194460
193785
195244
194868
194871
194246
195045
195755
195291
194399
195421
195031
195144
195152
195786
195825
195685
196750
196041
196975
196694
196454
195510
195632
195750
195732
196080
195242
195997
195553
196082
194810
194486
194302
194769
196157
195581
195711
195821
195351
194756
195042
194946
195583
195054
195811
196274
195923
196037
192419
191424
192761
191492
191950
192615
192760
192375
191343
192433
192748
192916
192462
191945
191543
192688
192426
192209
192508
192115
192873
190913
192201
192982
192959
192893
192547
192612
192501
193663
191927
192838
193418
192836
192492
192612
192822
193229
193045
193180
192637
191985
193015
193477
193177
193581
193013
193942
194073
193565
193529
193893
193057
193761
194249
193069
194610
194117
194061
193290
193380
194197
193265
193962
193664
194487
193721
193934
194534
193877
193690
193422
195065
194421
193963
194336
194728
194410
194797
193767
194913
194738
194495
194586
194388
194794
195030
195071
195684
195195
195639
194714
195601
195331
195062
195765
194594
196143
194769
195699
195376
194572
196222
194823
196304
195341
196283
194639
196150
195971
196644
196216
196424
196290
196065
196337
196298
195390
195878
195350
196247
195979
195936
195994
196299
195589
196197
195077
196058
196155
196519
196641
196090
196569
196243
196553
196093
196259
196544
195607
196132
197076
195743
196014
196146
196741
196400
196569
196388
196303
196614
197042
196305
197370
197100
197852
197060
195898
197301
196752
198124
196521
197327
197117
197479
198217
197095
196281
198313
197843
198010
197951
197945
197569
197755
197312
196824
198137
198295
197553
197716
198299
197256
198239
197952
198188
198046
198297
198252
198160
197917
199157
198789
198606
198684
199181
198527
198768
198122
197986
199026
198632
199588
198667
198625
198059
199230
199425
199063
199504
199455
199562
197889
198991
200554
198412
199394
198768
199289
199842
199769
200287
199671
199437
199817
199973
199040
200405
200050
199079
200279
199861
199818
201177
199692
200560
200618
200343
199684
200649
199994
200135
199696
201046
201025
199738
200194
200191
200201
201202
201255
201068
201402
200729
200928
200513
200699
201034
200317
200144
200969
200478
200656
201253
200578
200558
201573
201195
201039
200966
200205
200935
202126
201151
201319
200489
201350
201297
201042
200772
201155
201446
201577
200966
200194
201739
200913
201663
200750
201402
201202
200297
201545
201894
200822
201573
202109
201318
201108
202065
200983
201853
201326
202183
201574
201882
201648
202032
201552
201909
202446
200358
202078
201077
201500
201968
202208
201646
201788
201477
202204
200913
202371
202156
202294
202657
203319
201418
201815
201969
201666
201477
202557
201490
202190
201662
201733
201922
201550
202295
201357
200582
202227
202411
201823
202357
202213
202629
201267
202792
201708
202409
203004
202587
202127
202925
201917
202818
202051
202267
203579
202661
201562
201511
202188
202200
202795
201276
202996
202804
202316
202552
201715
201945
202818
201549
202842
202184
202627
201199
202350
202143
201865
202447
201979
201129
201598
201918
202554
202635
202226
191965
192689
191548
191978
192242
191431
192262
191913
191783
192345
190907
191687
191399
192362
192344
192151
192464
192542
192322
192509
193110
192404
192670
192627
192281
191362
192336
193234
192283
192559
192810
192700
192653
192699
192915
193140
192646
193599
193145
192843
193498
193339
193207
193387
193601
193510
193337
193555
193480
192326
194273
193606
193048
192862
193583
194031
193652
193919
193232
194702
194400
192963
193693
194414
193702
194356
193023
194197
194104
194161
193557
194467
194708
194494
194014
194231
194110
194072
195024
195540
194466
195519
195273
194899
193792
195107
194831
194858
195725
195642
195343
195067
195904
194311
194888
195189
195427
194766
193785
194571
194767
195097
194428
194673
195716
195640
195353
195561
195193
193744
195792
196059
194005
195572
195881
195450
196103
195996
194985
195606
195089
195277
196346
195685
196004
195701
196396
196365
196472
195399
196377
195734
196696
196453
196936
196995
197107
196404
196626
197016
197171
196939
197246
197392
196694
196119
197132
197338
196944
196810
197322
197129
197230
196811
197772
197460
197589
197608
197693
196406
198327
198321
196967
198434
197136
197483
197838
197645
198210
198665
198432
197579
197576
197093
197513
197571
198504
196955
198431
197645
198560
198662
198002
198396
199293
197989
197447
198588
198578
198873
199160
198653
198151
198903
199630
198316
198932
198015
198745
199724
198752
198812
198827
199708
198591
199402
198493
199694
199376
199636
199666
199122
199496
199081
199454
199497
200409
199481
200051
199017
199863
200397
198602
198944
198829
199283
199625
200840
198873
199775
200231
199937
199496
200813
200398
200095
201258
200472
200759
199990
200093
200695
200735
200276
200904
200143
201112
200682
201051
201095
200587
200229
200980
200710
200888
200913
201537
200964
201290
201520
201943
200351
201261
201376
200422
200280
200136
201635
201660
201677
201292
200748
201483
201248
200861
201248
201182
200776
201000
201246
200463
200143
200591
201510
201297
201818
201937
201218
201286
201723
201371
201836
201416
201775
200973
201600
201681
200826
202167
201130
200894
202028
201366
202058
201462
201829
203152
201860
202100
200192
202201
201564
202124
201413
201623
200920
201543
202622
202011
200978
201761
201626
201535
201925
202300
201387
201711
201871
201218
201796
201513
201754
202354
202206
201953
200851
200776
191943
191587
191767
192221
192161
191921
192406
191747
192345
191989
192995
191959
190757
192244
192942
192509
191782
193563
192875
192829
192330
193103
192161
192809
192884
193079
193154
193187
192636
192459
192660
192641
192012
192200
193324
192776
193236
193159
191803
193564
193288
192424
193074
192891
192069
192645
193135
193305
193186
193182
193414
192853
193350
193258
193430
193616
193703
193044
194230
194830
193235
193550
194446
194083
193578
194440
193196
193748
194004
193088
194724
193885
193938
194592
193628
193901
194405
193942
194742
194124
193520
193858
195058
194686
193755
194754
194955
194990
194657
194432
194735
194827
195056
194716
195513
194635
195620
194824
195254
195427
195468
195305
195654
195128
195000
194358
194897
196272
196077
195768
196269
195664
195857
196241
195634
196063
195866
194951
194743
195313
196133
195979
195969
195689
195228
195696
196540
195211
196249
196663
195656
195834
196092
195964
195304
196415
196052
195736
195845
195915
195572
195845
194945
195988
194777
196017
196221
196404
196178
196888
196147
196417
194961
194919
196102
195597
195514
196338
196127
196336
195931
195342
195480
195979
196633
196052
196962
195626
196677
194925
195473
196178
195760
196332
196880
196860
196010
197039
196778
196822
196801
196246
196397
196731
196294
197684
195902
196678
196495
196754
197319
197593
197401
197015
196375
196848
197161
196907
197789
197591
197662
197216
197268
198320
197018
196573
197770
196912
197142
197659
196740
197387
198157
197463
197279
197449
196663
197242
197687
197187
197147
196684
198209
197731
197947
197655
197823
197959
198163
198341
198469
197489
198567
197619
197852
198309
197980
197685
197792
198068
198718
197549
197991
198093
199169
198516
198090
197845
199387
198303
198235
198494
199370
198859
198842
198714
198911
198501
199400
198764
199365
198945
199616
199251
198675
199648
198618
199375
200474
199366
197899
199362
198965
199487
198394
200010
199117
199862
197996
199462
198947
199744
199340
198504
197981
199622
199583
199751
199761
199186
200223
200028
199845
199442
199096
199909
201023
200087
199083
199859
199475
199852
200503
200576
199735
200883
200774
200677
200158
200701
200510
201161
200209
199445
199482
200090
201033
201089
200857
200637
200906
200165
200980
199512
200931
200388
200202
201068
200074
200424
201591
199790
200719
200478
200882
200639
200614
201866
200555
200543
201079
200690
200831
200988
200997
199727
200736
201225
200280
200574
200083
200595
201370
200650
200956
201007
201292
200535
200912
201152
200789
201268
201068
199676
201383
201056
199992
200360
200840
200728
200960
200486
200412
200398
199583
200484
201160
200851
200682
200335
200422
200926
201364
201817
200986
200596
201190
201501
200337
199277
200852
200914
201449
200871
200572
200773
201044
201223
199595
200404
201549
200880
200841
201107
200388
200625
201531
200479
201689
201352
200282
200800
200803
201095
200972
201615
200947
201288
201283
199859
201253
200932
200658
201647
201069
201039
202028
201498
200924
201427
201574
201714
201911
200297
201884
201214
200729
201759
200581
201207
202235
200976
201387
201146
200655
201802
202493
200682
201597
201418
200589
201651
202007
201720
201713
201392
202045
202384
202178
201344
202157
201243
201654
201459
202612
201462
201349
202043
202002
202193
202309
201361
201753
202331
201894
200922
202072
201052
202206
201599
200969
201648
202166
202068
201480
201555
201154
202117
202717
201727
202166
201753
201519
201920
201765
201519
201567
201256
199859
200766
200997
201561
203025
201489
201563
202325
201231
202240
201498
202000
200150
202164
201893
202253
201515
202218
201932
202130
201320
200952
201908
191781
192165
191477
191738
191531
192959
192296
192176
192234
193076
192967
191872
191403
192394
192323
191937
191825
192935
192398
192476
191881
191244
191575
192092
192517
191682
192408
192291
192281
191976
191667
191235
191613
192549
193066
192072
191916
191858
191839
192648
191874
192238
190346
191784
192174
192041
192185
192210
191939
192315
192050
192365
192550
192175
192174
191836
190879
191566
192663
192477
192690
191864
192704
192971
193059
191515
193135
193512
192411
193745
192936
193403
193323
193883
193534
192420
193065
193561
193465
193184
194117
192488
194262
193533
193643
193194
192722
193763
194494
194053
192220
195027
194782
194325
193965
192750
193985
194342
193429
194259
193482
193559
195196
194013
194441
193438
193743
193880
194976
193833
194620
194727
194489
194180
194289
194964
195006
194702
195313
194564
195239
195863
195142
195042
194409
194632
194804
195137
195352
194896
195402
194575
195313
195132
194800
195233
195252
195019
195379
196605
195670
195444
196270
195205
196323
195120
195917
195294
195721
196353
196246
197177
196483
196010
196209
197089
196701
195773
195667
197186
196326
196706
197318
196812
196238
196832
195955
196230
197273
196755
197080
196651
195571
197400
197415
196369
196473
197398
197428
198343
196995
197646
197698
198315
197291
197874
197602
198036
198309
197915
197015
197747
198032
197736
197273
197932
197389
196751
197966
197460
198521
198483
198707
197866
197749
198640
198733
198598
197362
197660
197880
198195
199133
198519
198861
198503
199020
198805
198199
198681
198876
199603
199329
198542
198519
197202
199231
200007
197507
198394
198590
199041
199469
199542
198657
198871
199051
199591
198479
197986
198127
199818
199623
199649
199503
199747
199817
198877
199223
198867
199033
199712
200053
199723
199126
199303
199542
200549
199717
199930
200183
200423
199950
200192
199287
200442
199411
200063
199555
198895
199569
199516
200791
200267
199134
200501
199837
200176
199377
200484
200465
200520
200332
200215
199868
199984
199575
199122
199778
200507
199497
199976
199886
200998
200115
200529
200195
200131
200619
200409
200107
200079
200149
200649
200611
201152
201166
201229
200209
199771
201313
200803
200696
200997
201683
201479
201243
200635
200177
201278
201183
200662
201536
201177
201713
200547
200994
201607
201821
201348
201656
200335
202048
202107
200928
201310
201668
201425
202161
201284
202209
202320
201444
200905
201712
201593
200516
201239
202368
202701
201436
201431
202040
201844
201591
201071
201845
201923
201345
201826
202091
202306
202086
199580
202149
201605
201660
202202
201883
201465
201855
200388
201464
201507
201536
202058
202339
202622
201392
202525
200521
201560
200761
202133
201728
202428
201774
200821
201192
201370
200986
202224
201204
201564
201422
201972
202776
202444
201767
201451
202431
201463
201751
201368
200709
202141
200642
201067
201760
201142
201703
202169
201650
201080
202008
201610
201661
200959
201689
202319
201972
202102
201600
202048
202954
202058
202524
202608
202584
201585
202753
202046
201763
201919
201830
201576
201911
201917
202542
202181
202686
201797
202308
201830
200697
201496
202629
201181
201959
202173
202402
202530
202057
201518
201758
202406
201038
202270
202720
202341
202601
202115
202535
202009
200928
203059
201983
202785
201828
201519
201880
201803
201446
202185
202343
201978
203303
202402
202232
200963
202564
202072
200638
200892
201034
202990
201612
202177
202216
203046
202381
201637
202174
200752
201701
202559
202181
202023
202085
200266
201133
202226
200314
201104
201768
202536
202681
202058
191020
192298
192687
191644
191962
191753
191893
191254
192341
192152
192500
192029
192194
191479
190580
191695
192351
191770
191749
192051
192322
191785
191776
191875
191658
192130
192369
191912
192594
191430
192677
191507
190921
190679
192627
192095
191531
192186
192440
192247
192484
192096
191892
192695
191885
192452
192459
192693
191954
193034
193327
192119
193328
192990
193389
192667
192344
192718
192597
192331
193691
192629
192369
192173
193047
193420
192818
193191
192362
193875
193997
193667
192708
193513
193387
193552
193102
193918
193801
193378
193968
193028
194474
192346
194146
194196
194543
193908
194250
193816
194240
193430
193384
194226
193764
194460
193626
194761
193888
193885
194005
194008
194466
194955
193411
194185
195345
194956
194549
194921
194475
194003
193985
195242
194900
194595
195023
194930
195491
194795
195095
195739
194309
195367
194435
195186
195564
196007
195213
195722
195486
195173
195060
195523
196212
195070
195553
194627
195444
195549
195990
196521
196314
195590
195555
196354
195946
195977
195649
196527
195400
196839
196320
195634
195659
196265
196288
196983
196171
196550
196725
196760
196628
196638
196315
196117
197000
195704
197046
197577
197747
196675
197278
196881
196795
196869
197388
196819
196794
197032
197261
196791
196384
197556
197706
197561
198454
198035
198001
196531
197581
198227
197396
196795
197855
197893
197409
197165
197256
198875
197876
198091
198253
198105
199335
196774
198214
197083
198847
198868
198281
198734
198595
199296
199232
197926
197522
198935
198673
198552
198503
198793
198569
199140
198736
198731
199073
198451
199255
198985
199346
198591
198833
200110
199047
198413
199911
198783
199186
200179
199351
199710
199046
198604
199525
199728
200089
200927
199205
200506
199549
199677
199690
199647
199914
199899
200106
200265
199228
199779
199398
198579
199271
199162
200151
199548
199510
200230
199665
200024
199086
200502
199275
199217
199928
200143
199418
200173
191870
191212
192542
192145
190655
190745
192097
192081
192139
192128
190988
191699
192670
193012
191375
192464
193799
192503
191156
192298
192780
192628
192739
192510
192742
192132
193178
193027
191886
192675
193217
194179
192339
192056
193155
193869
193162
192155
192845
194079
192930
193356
192566
193574
194048
193606
193353
193575
194736
193800
194035
193880
194460
194190
193960
194145
193518
193805
194566
195026
194489
194950
194763
193699
194036
194157
195017
194689
194926
194436
195352
194762
194669
194425
195120
195000
194561
194035
195078
194130
195618
194566
194894
195840
194314
194696
196647
195959
195620
195226
195165
195663
194693
196308
195639
195462
195933
195898
196138
196117
196869
194387
196959
196727
196233
195976
196840
196281
195831
195972
196526
196297
196244
195985
196340
196395
196957
196424
195485
196602
197187
196703
197071
196097
196794
197243
197237
197538
196565
196603
196701
197672
197745
196661
197919
197441
198776
196457
197616
197180
197232
197137
196661
197667
197678
197638
197880
196746
196336
197775
197891
196484
198022
198233
197718
197575
197839
198647
197486
198260
197196
196716
198898
198446
198876
199222
199165
198533
197241
197000
197820
199210
199060
197561
199358
198410
198434
199077
197754
199384
198070
197927
197991
198412
198024
198494
198267
197483
198111
198252
198046
198464
198474
197913
198370
198529
191867
191800
192364
192157
191740
191587
191960
191848
192614
192637
192558
191329
191548
192429
190944
192185
191798
191125
192415
192236
192798
192938
191830
192990
192664
192413
191848
192515
193398
192167
192909
191803
192779
192504
192407
191983
193638
192898
192988
192062
192803
192551
191922
193424
192627
192322
192246
193042
192408
193268
193007
192896
193284
193460
192625
193560
192811
193344
193768
193754
193800
194257
192453
193114
193102
193461
193230
193750
193966
192812
194058
194017
193747
193513
193571
193559
193677
193764
193761
193459
193149
193218
194373
193981
193044
193486
193908
194246
193953
194216
194652
194165
194038
193746
194476
194374
193485
194143
192799
193053
193776
194066
194817
193666
194409
194471
194480
194797
193205
194852
194619
193449
194616
195301
194319
194736
194920
194528
195124
195109
195790
194190
195024
194732
195590
194353
194245
195345
195955
194521
194967
194494
195568
194453
195428
195477
195776
195686
194843
194831
195891
195554
195895
196011
195603
195523
196432
195970
195094
195425
195288
196742
195948
195704
196474
195664
196823
195685
196261
195984
196058
196211
196491
195907
195913
197012
196223
197816
196359
197317
196707
197717
197606
197297
198096
196327
197334
197060
197004
196896
197504
197641
196963
197620
197112
197220
196576
196442
197927
196743
198134
197456
197946
196675
196897
197196
197046
196451
198103
196940
197907
197357
197806
198096
197206
197662
197624
197430
198231
197875
197355
197300
198660
197408
198390
198262
198654
198002
199029
198727
198715
199124
197624
197191
198119
198191
198345
197619
198074
198580
198856
198901
198697
199298
198581
199576
199155
199152
199057
198861
198289
199744
199249
199221
198867
199660
200026
199321
199385
197233
200305
199335
198693
199474
200650
200318
199956
199622
198930
198968
199908
199835
199039
198278
199229
199465
199634
199497
198590
199764
200480
199668
198974
200252
198840
199564
199988
200022
200652
200225
199580
200549
200442
199987
199208
199682
200678
200058
200899
199721
199447
200245
200833
201003
201003
200528
201393
200163
200654
200133
200049
200990
200995
201091
201100
201079
201807
201588
200028
200891
200336
200641
201438
200404
201361
201312
201704
200470
201436
200203
200472
201927
200606
201483
201293
200154
201643
201775
199912
200333
202004
201817
200728
200917
200808
201839
201414
201027
201258
202379
201607
201507
201410
201714
201557
201486
201220
202092
201099
202111
201052
201501
201307
201340
200629
201589
200246
201702
202005
202423
201784
201984
201936
200218
202204
201604
201888
201800
201601
201837
201096
201798
201950
201901
201840
200109
202080
200493
201825
201801
202360
202596
201556
200628
201577
201907
202104
202817
201920
202029
201919
201820
201926
201826
201384
202316
199829
201770
201510
201970
202986
202160
202529
201154
203077
201453
202335
201104
202458
200698
202126
201895
202252
202581
202614
201357
201738
202157
201197
202015
202417
202318
201667
202438
201971
202379
200705
201469
202064
201875
202675
201545
202680
190468
192165
191980
191772
191794
192160
191484
191692
191369
192149
191535
191805
191504
192328
192059
192198
192357
192014
192201
191380
191540
192885
192259
192558
192109
192393
192869
192023
193283
192850
192060
192047
192859
192467
192358
193321
193175
192948
192928
193317
193213
192515
194219
193267
193588
192049
193156
193310
192565
193037
193124
192941
192934
193286
193144
193494
193243
193852
193037
193666
192954
193771
193578
193631
193434
193819
194313
193602
193255
193746
194025
193983
194700
193545
194503
193074
194158
192892
194518
194464
194090
193703
194614
194861
194931
194302
194733
194377
194677
194423
194832
194642
194457
195261
194235
194875
194970
194812
194707
194882
195425
196206
194960
194633
194446
195442
194500
196303
195387
195431
195360
195652
194616
195098
195466
194967
195809
196259
195220
195209
195999
196290
195343
195215
195633
196612
195238
196215
197074
195852
196160
196475
196474
195937
197014
195777
196736
195674
195996
197196
196316
196523
196296
195907
197232
195516
197118
197220
196629
197467
196328
197243
196801
197796
197010
198093
197117
197687
197546
197077
197044
198042
198421
197072
197223
197225
196432
197545
196751
198075
198255
198619
198620
197906
198259
197072
198210
197676
198155
198231
198722
197883
197745
198314
198699
198407
197914
198117
198585
198887
196967
199217
197831
199216
197904
199122
198409
198693
198955
197790
198482
199421
198908
199369
199278
199281
199346
199589
199634
199004
199962
198934
199558
199251
198671
199224
198396
200162
198557
198860
199525
199313
198935
199612
198932
199492
198825
199551
199998
199924
197607
199718
200142
200057
199302
199560
199292
199962
200959
199654
199942
198815
199652
199696
200222
199610
200087
200759
199877
199750
200451
200442
200412
199487
200116
199820
200638
200347
199793
200456
200577
201095
199894
200617
200646
200921
201053
200235
200846
200104
200695
200908
200276
199641
200404
200643
201289
201170
201294
200072
200772
201025
201318
200148
201083
200365
200812
201601
202000
201143
201074
200422
201112
201727
200116
201256
200693
200880
200876
201128
201680
201575
201633
201083
201869
200987
201563
200530
200989
201794
201600
200688
201162
201596
200454
201705
201713
200626
201729
201274
200262
200887
200922
201264
201162
201479
201339
201363
200505
200753
201127
201762
202143
