191653.30
191956.60
191892.60
191913.00
191852.80
191959.20
192173.40
191918.90
192009.70
192348.50
192073.40
191758.90
191830.70
192257.00
191964.70
192190.70
192157.50
192236.00
192312.40
192206.00
192521.10
192203.90
192317.10
192670.20
192572.00
192269.20
192567.30
192712.30
192634.40
192633.00
192579.60
192596.00
192404.70
192558.10
192958.00
192703.70
192891.40
192933.70
192779.10
193110.60
193191.00
192726.33
193050.22
193270.56
193192.00
192985.00
193005.00
193496.78
193460.89
193280.89
193359.78
193491.56
193628.89
193655.11
193590.33
193521.89
193526.78
193671.11
193593.11
194007.78
193684.44
193774.00
193801.22
193590.33
193527.22
193963.22
193660.78
193882.67
193975.11
193678.44
194245.44
194155.11
194223.78
194084.33
194000.33
194142.00
194196.67
194079.67
194591.11
194220.33
194335.67
194327.78
194762.33
194516.33
194040.33
194430.22
194857.22
194749.44
194913.33
194723.67
194925.56
194616.33
194592.33
194894.11
194685.00
195017.89
194826.00
194875.11
194514.78
194956.89
195090.78
194850.33
195441.11
194977.56
195231.00
195085.67
195345.33
195477.78
195135.89
195317.33
195646.33
195490.44
195144.89
195692.89
195474.89
195490.78
195880.11
195457.67
195273.78
195490.67
195879.00
195846.44
195845.22
195554.44
195738.00
195804.78
195835.11
195904.44
196293.89
195943.89
196070.11
196158.22
196148.56
196215.00
196573.89
196283.44
196452.89
195985.89
196232.44
196374.33
196375.44
196498.11
196310.56
196493.00
196339.78
196288.00
196579.67
196506.89
196255.11
196807.44
196398.44
196817.11
196604.44
196617.11
196651.56
196831.11
196729.44
196797.78
196845.00
196737.33
197133.33
196924.33
197217.33
197182.38
197165.50
197496.00
197431.00
197218.50
197244.88
197382.75
197540.50
197765.50
197872.25
197394.75
197939.62
197365.50
197715.50
197696.00
197676.25
197780.50
197938.75
197881.50
197508.38
197976.25
197949.88
197843.12
197729.62
197955.88
197932.00
197824.25
197964.25
198476.00
198182.12
198083.12
198046.50
198244.50
198076.43
197941.43
198207.00
198127.43
198261.71
198478.14
198610.43
198844.86
198508.00
198214.00
198642.00
198430.00
198788.00
198773.29
198641.71
198678.71
198915.43
198744.71
198958.00
198581.86
198654.29
199019.86
199000.43
198873.57
199100.71
199288.71
198794.29
198892.43
198809.57
199109.57
198877.43
199269.71
199138.29
199082.71
199193.86
199144.71
199477.71
199905.86
199143.71
199573.43
199721.57
199510.43
199544.86
199697.86
199550.29
199595.43
199528.71
199593.00
199940.00
199625.57
199881.86
199835.29
199840.57
199799.43
199982.71
199888.71
200061.86
199986.29
200207.57
200100.86
200291.71
200123.43
199939.57
200005.71
200323.86
199908.86
199983.71
200083.71
200044.57
200224.57
200241.43
200485.14
200354.71
200238.86
200138.57
200418.00
200256.43
200284.71
200204.14
200510.86
200512.43
200562.14
200360.17
200509.17
200350.00
200594.83
200800.67
200382.00
200246.00
200628.83
200819.50
200983.00
201086.17
200753.83
200828.83
200527.17
201133.17
201324.67
200489.67
201029.33
201427.83
200783.17
201008.17
200933.17
200881.67
201436.33
201211.17
201316.00
201242.00
201375.50
201576.67
201321.00
201199.17
201364.67
201421.50
200973.83
201508.50
200963.17
201001.83
201177.67
201674.33
201396.00
201527.67
201065.83
201282.67
201304.00
201416.67
200986.67
201688.17
201278.33
201645.67
201616.17
200901.17
201123.33
201626.00
201164.67
201660.83
201319.60
201473.80
201409.80
201375.20
201859.25
201188.75
201935.50
201141.00
201084.75
201307.25
201811.50
201526.25
201499.50
201485.75
201691.75
200959.50
201711.75
200957.25
201682.25
201721.25
201535.25
201283.50
201873.25
201557.75
201874.75
201683.75
201823.25
202145.75
201844.00
201579.25
200693.25
201621.00
201750.25
201329.25
201125.75
201799.25
201627.75
201518.75
201751.25
201431.75
201331.00
201562.25
200938.00
201935.75
201121.75
201705.75
201413.50
201776.00
201941.75
201596.25
201735.00
201874.00
201422.50
201854.00
202211.00
201848.75
201381.50
201937.50
201593.33
201712.67
201538.67
201262.00
201555.00
200928.00
201636.67
201215.67
201518.33
202407.00
201612.33
201892.67
201363.67
201387.33
201191.33
202165.00
200921.33
202035.33
201407.67
201603.33
201741.67
201704.00
201731.33
201781.33
201792.67
201241.00
201905.00
201733.33
201405.00
202090.33
201788.33
201620.00
202031.33
201322.67
202159.00
201572.00
201917.33
201605.33
201607.00
202043.00
201687.33
202012.33
201241.00
202113.50
201596.00
202016.00
202080.50
201406.50
201085.00
202399.50
201524.00
201012.50
201019.00
200844.50
202396.00
202052.50
201429.50
201906.50
202232.00
201485.00
201644.00
202090.50
201236.00
201707.00
201975.50
202113.00
202203.50
202131.50
200805.00
201645.00
201734.50
200984.00
201281.50
202190.00
201999.00
202015.00
202050.50
202002.00
202193.00
202309.00
201361.00
201753.00
202331.00
201894.00
200922.00
202072.00
201052.00
202206.00
201599.00
200969.00
201648.00
202166.00
202068.00
201480.00
201555.00
201154.00
202117.00
202717.00
201727.00
202166.00
201753.00
201519.00
201920.00
201765.00
201519.00
201567.00
201256.00
199859.00
200766.00
200997.00
201561.00
203025.00
201489.00
201563.00
202325.00
201231.00
202240.00
201498.00
202000.00
200150.00
202164.00
201893.00
202253.00
201515.00
202218.00
201932.00
202130.00
201320.00
200952.00
201908.00
