191874
192238
190346
191784
192174
192041
192185
192210
191939
192315
192050
192365
192550
192175
192174
191836
190879
191566
192663
192477
192690
191864
192704
192971
193059
191515
193135
193512
192411
193745
192936
193403
193323
193883
193534
192420
193065
193561
193465
193184
194117
192488
194262
193533
193643
193194
192722
193763
194494
194053
192220
195027
194782
194325
193965
192750
193985
194342
193429
194259
193482
193559
195196
194013
194441
193438
193743
193880
194976
193833
194620
194727
194489
194180
194289
194964
195006
194702
195313
194564
195239
195863
195142
195042
194409
194632
194804
195137
195352
194896
195402
194575
195313
195132
194800
195233
195252
195019
195379
196605
195670
195444
196270
195205
196323
195120
195917
195294
195721
196353
196246
197177
196483
196010
196209
197089
196701
195773
195667
197186
196326
196706
197318
196812
196238
196832
195955
196230
197273
196755
197080
196651
195571
197400
197415
196369
196473
197398
197428
198343
196995
197646
197698
198315
197291
197874
197602
198036
198309
197915
197015
197747
198032
197736
197273
197932
197389
196751
197966
197460
198521
198483
198707
197866
197749
198640
198733
198598
197362
197660
197880
198195
199133
198519
198861
198503
199020
198805
198199
198681
198876
199603
199329
198542
198519
197202
199231
200007
197507
198394
198590
199041
199469
199542
198657
198871
199051
199591
198479
197986
198127
199818
199623
199649
199503
199747
199817
198877
199223
198867
199033
199712
200053
199723
199126
199303
199542
200549
199717
199930
200183
200423
199950
200192
199287
200442
199411
200063
199555
198895
199569
199516
200791
200267
199134
200501
199837
200176
199377
200484
200465
200520
200332
200215
199868
199984
199575
199122
199778
200507
199497
199976
199886
200998
200115
200529
200195
200131
200619
200409
200107
200079
200149
200649
200611
201152
201166
201229
200209
199771
201313
200803
200696
200997
201683
201479
201243
200635
200177
201278
201183
200662
201536
201177
201713
200547
200994
201607
201821
201348
201656
200335
202048
202107
200928
201310
201668
201425
202161
201284
202209
202320
201444
200905
201712
201593
200516
201239
202368
202701
201436
201431
202040
201844
201591
201071
201845
201923
201345
201826
202091
202306
202086
199580
202149
201605
201660
202202
201883
201465
201855
200388
201464
201507
201536
202058
202339
202622
201392
202525
200521
201560
200761
202133
201728
202428
201774
200821
201192
201370
200986
202224
201204
201564
201422
201972
202776
202444
201767
201451
202431
201463
201751
201368
200709
202141
200642
201067
201760
201142
201703
202169
201650
201080
202008
201610
201661
200959
201689
202319
201972
202102
201600
202048
202954
202058
202524
202608
202584
201585
202753
202046
201763
201919
201830
201576
201911
201917
202542
202181
202686
201797
202308
201830
200697
201496
202629
201181
201959
202173
202402
202530
202057
201518
201758
202406
201038
202270
202720
202341
202601
202115
202535
202009
200928
203059
201983
202785
201828
201519
201880
201803
201446
202185
202343
201978
203303
202402
202232
200963
202564
202072
200638
200892
201034
202990
201612
202177
202216
203046
202381
201637
202174
200752
201701
202559
202181
202023
202085
200266
201133
202226
200314
201104
201768
202536
202681
202058
