191965
192689
191548
191978
192242
191431
192262
191913
191783
192345
190907
191687
191399
192362
192344
192151
192464
192542
192322
192509
193110
192404
192670
192627
192281
191362
192336
193234
192283
192559
192810
192700
192653
192699
192915
193140
192646
193599
193145
192843
193498
193339
193207
193387
193601
193510
193337
193555
193480
192326
194273
193606
193048
192862
193583
194031
193652
193919
193232
194702
194400
192963
193693
194414
193702
194356
193023
194197
194104
194161
193557
194467
194708
194494
194014
194231
194110
194072
195024
195540
194466
195519
195273
194899
193792
195107
194831
194858
195725
195642
195343
195067
195904
194311
194888
195189
195427
194766
193785
194571
194767
195097
194428
194673
195716
195640
195353
195561
195193
193744
195792
196059
194005
195572
195881
195450
196103
195996
194985
195606
195089
195277
196346
195685
196004
195701
196396
196365
196472
195399
196377
195734
196696
196453
196936
196995
197107
196404
196626
197016
197171
196939
197246
197392
196694
196119
197132
197338
196944
196810
197322
197129
197230
196811
197772
197460
197589
197608
197693
196406
198327
198321
196967
198434
197136
197483
197838
197645
198210
198665
198432
197579
197576
197093
197513
197571
198504
196955
198431
197645
198560
198662
198002
198396
199293
197989
197447
198588
198578
198873
199160
198653
198151
198903
199630
198316
198932
198015
198745
199724
198752
198812
198827
199708
198591
199402
198493
199694
199376
199636
199666
199122
199496
199081
199454
199497
200409
199481
200051
199017
199863
200397
198602
198944
198829
199283
199625
200840
198873
199775
200231
199937
199496
200813
200398
200095
201258
200472
200759
199990
200093
200695
200735
200276
200904
200143
201112
200682
201051
201095
200587
200229
200980
200710
200888
200913
201537
200964
201290
201520
201943
200351
201261
201376
200422
200280
200136
201635
201660
201677
201292
200748
201483
201248
200861
201248
201182
200776
201000
201246
200463
200143
200591
201510
201297
201818
201937
201218
201286
201723
201371
201836
201416
201775
200973
201600
201681
200826
202167
201130
200894
202028
201366
202058
201462
201829
203152
201860
202100
200192
202201
201564
202124
201413
201623
200920
201543
202622
202011
200978
201761
201626
201535
201925
202300
201387
201711
201871
201218
201796
201513
201754
202354
202206
201953
200851
200776
