191943
191587
191767
192221
192161
191921
192406
191747
192345
191989
192995
191959
190757
192244
192942
192509
191782
193563
192875
192829
192330
193103
192161
192809
192884
193079
193154
193187
192636
192459
192660
192641
192012
192200
193324
192776
193236
193159
191803
193564
193288
192424
193074
192891
192069
192645
193135
193305
193186
193182
193414
192853
193350
193258
193430
193616
193703
193044
194230
194830
193235
193550
194446
194083
193578
194440
193196
193748
194004
193088
194724
193885
193938
194592
193628
193901
194405
193942
194742
194124
193520
193858
195058
194686
193755
194754
194955
194990
194657
194432
194735
194827
195056
194716
195513
194635
195620
194824
195254
195427
195468
195305
195654
195128
195000
194358
194897
196272
196077
195768
196269
195664
195857
196241
195634
196063
195866
194951
194743
195313
196133
195979
195969
195689
195228
195696
196540
195211
196249
196663
195656
195834
196092
195964
195304
196415
196052
195736
195845
195915
195572
195845
194945
195988
194777
196017
196221
196404
196178
196888
196147
196417
194961
194919
196102
195597
195514
196338
196127
196336
195931
195342
195480
195979
196633
196052
196962
195626
196677
194925
195473
196178
195760
196332
196880
196860
196010
197039
196778
196822
196801
196246
196397
196731
196294
197684
195902
196678
196495
196754
197319
197593
197401
197015
196375
196848
197161
196907
197789
197591
197662
197216
197268
198320
197018
196573
197770
196912
197142
197659
196740
197387
198157
197463
197279
197449
196663
197242
197687
197187
197147
196684
198209
197731
197947
197655
197823
197959
198163
198341
198469
197489
198567
197619
197852
198309
197980
197685
197792
198068
198718
197549
197991
198093
199169
198516
198090
197845
199387
198303
198235
198494
199370
198859
198842
198714
198911
198501
199400
198764
199365
198945
199616
199251
198675
199648
198618
199375
200474
199366
197899
199362
198965
199487
198394
200010
199117
199862
197996
199462
198947
199744
199340
198504
197981
199622
199583
199751
199761
199186
200223
200028
199845
199442
199096
199909
201023
200087
199083
199859
199475
199852
200503
200576
199735
200883
200774
200677
200158
200701
200510
201161
200209
199445
199482
200090
201033
201089
200857
200637
200906
200165
200980
199512
200931
200388
200202
201068
200074
200424
201591
199790
200719
200478
200882
200639
200614
201866
200555
200543
201079
200690
200831
200988
200997
199727
200736
201225
200280
200574
200083
200595
201370
200650
200956
201007
201292
200535
200912
201152
200789
201268
201068
199676
201383
201056
199992
200360
200840
200728
200960
200486
200412
200398
199583
200484
201160
200851
200682
200335
200422
200926
201364
201817
200986
200596
201190
201501
200337
199277
200852
200914
201449
200871
200572
200773
201044
201223
199595
200404
201549
200880
200841
201107
200388
200625
201531
200479
201689
201352
200282
200800
200803
201095
200972
201615
200947
201288
201283
199859
201253
200932
200658
201647
201069
201039
202028
201498
200924
201427
201574
201714
201911
200297
201884
201214
200729
201759
200581
201207
202235
200976
201387
201146
200655
201802
202493
200682
201597
201418
200589
201651
202007
201720
201713
201392
202045
202384
202178
201344
202157
201243
201654
201459
202612
201462
201349
202043
202002
202193
202309
201361
201753
202331
201894
200922
202072
201052
202206
201599
200969
201648
202166
202068
201480
201555
201154
202117
202717
201727
202166
201753
201519
201920
201765
201519
201567
201256
199859
200766
200997
201561
203025
201489
201563
202325
201231
202240
201498
202000
200150
202164
201893
202253
201515
202218
201932
202130
201320
200952
201908
