190468
192165
191980
191772
191794
192160
191484
191692
191369
192149
191535
191805
191504
192328
192059
192198
192357
192014
192201
191380
191540
192885
192259
192558
192109
192393
192869
192023
193283
192850
192060
192047
192859
192467
192358
193321
193175
192948
192928
193317
193213
192515
194219
193267
193588
192049
193156
193310
192565
193037
193124
192941
192934
193286
193144
193494
193243
193852
193037
193666
192954
193771
193578
193631
193434
193819
194313
193602
193255
193746
194025
193983
194700
193545
194503
193074
194158
192892
194518
194464
194090
193703
194614
194861
194931
194302
194733
194377
194677
194423
194832
194642
194457
195261
194235
194875
194970
194812
194707
194882
195425
196206
194960
194633
194446
195442
194500
196303
195387
195431
195360
195652
194616
195098
195466
194967
195809
196259
195220
195209
195999
196290
195343
195215
195633
196612
195238
196215
197074
195852
196160
196475
196474
195937
197014
195777
196736
195674
195996
197196
196316
196523
196296
195907
197232
195516
197118
197220
196629
197467
196328
197243
196801
197796
197010
198093
197117
197687
197546
197077
197044
198042
198421
197072
197223
197225
196432
197545
196751
198075
198255
198619
198620
197906
198259
197072
198210
197676
198155
198231
198722
197883
197745
198314
198699
198407
197914
198117
198585
198887
196967
199217
197831
199216
197904
199122
198409
198693
198955
197790
198482
199421
198908
199369
199278
199281
199346
199589
199634
199004
199962
198934
199558
199251
198671
199224
198396
200162
198557
198860
199525
199313
198935
199612
198932
199492
198825
199551
199998
199924
197607
199718
200142
200057
199302
199560
199292
199962
200959
199654
199942
198815
199652
199696
200222
199610
200087
200759
199877
199750
200451
200442
200412
199487
200116
199820
200638
200347
199793
200456
200577
201095
199894
200617
200646
200921
201053
200235
200846
200104
200695
200908
200276
199641
200404
200643
201289
201170
201294
200072
200772
201025
201318
200148
201083
200365
200812
201601
202000
201143
201074
200422
201112
201727
200116
201256
200693
200880
200876
201128
201680
201575
201633
201083
201869
200987
201563
200530
200989
201794
201600
200688
201162
201596
200454
201705
201713
200626
201729
201274
200262
200887
200922
201264
201162
201479
201339
201363
200505
200753
201127
201762
202143
