192419
191424
192761
191492
191950
192615
192760
192375
191343
192433
192748
192916
192462
191945
191543
192688
192426
192209
192508
192115
192873
190913
192201
192982
192959
192893
192547
192612
192501
193663
191927
192838
193418
192836
192492
192612
192822
193229
193045
193180
192637
191985
193015
193477
193177
193581
193013
193942
194073
193565
193529
193893
193057
193761
194249
193069
194610
194117
194061
193290
193380
194197
193265
193962
193664
194487
193721
193934
194534
193877
193690
193422
195065
194421
193963
194336
194728
194410
194797
193767
194913
194738
194495
194586
194388
194794
195030
195071
195684
195195
195639
194714
195601
195331
195062
195765
194594
196143
194769
195699
195376
194572
196222
194823
196304
195341
196283
194639
196150
195971
196644
196216
196424
196290
196065
196337
196298
195390
195878
195350
196247
195979
195936
195994
196299
195589
196197
195077
196058
196155
196519
196641
196090
196569
196243
196553
196093
196259
196544
195607
196132
197076
195743
196014
196146
196741
196400
196569
196388
196303
196614
197042
196305
197370
197100
197852
197060
195898
197301
196752
198124
196521
197327
197117
197479
198217
197095
196281
198313
197843
198010
197951
197945
197569
197755
197312
196824
198137
198295
197553
197716
198299
197256
198239
197952
198188
198046
198297
198252
198160
197917
199157
198789
198606
198684
199181
198527
198768
198122
197986
199026
198632
199588
198667
198625
198059
199230
199425
199063
199504
199455
199562
197889
198991
200554
198412
199394
198768
199289
199842
199769
200287
199671
199437
199817
199973
199040
200405
200050
199079
200279
199861
199818
201177
199692
200560
200618
200343
199684
200649
199994
200135
199696
201046
201025
199738
200194
200191
200201
201202
201255
201068
201402
200729
200928
200513
200699
201034
200317
200144
200969
200478
200656
201253
200578
200558
201573
201195
201039
200966
200205
200935
202126
201151
201319
200489
201350
201297
201042
200772
201155
201446
201577
200966
200194
201739
200913
201663
200750
201402
201202
200297
201545
201894
200822
201573
202109
201318
201108
202065
200983
201853
201326
202183
201574
201882
201648
202032
201552
201909
202446
200358
202078
201077
201500
201968
202208
201646
201788
201477
202204
200913
202371
202156
202294
202657
203319
201418
201815
201969
201666
201477
202557
201490
202190
201662
201733
201922
201550
202295
201357
200582
202227
202411
201823
202357
202213
202629
201267
202792
201708
202409
203004
202587
202127
202925
201917
202818
202051
202267
203579
202661
201562
201511
202188
202200
202795
201276
202996
202804
202316
202552
201715
201945
202818
201549
202842
202184
202627
201199
202350
202143
201865
202447
201979
201129
201598
201918
202554
202635
202226
