191326
191988
191454
192199
192319
192380
192391
191893
191990
192261
191486
189928
191820
192202
193363
192244
191894
192133
192837
191689
192887
192275
193256
193288
192847
193093
191829
192810
193071
192806
192933
193607
192130
193708
193702
192749
193723
193744
193293
193982
193749
193783
193295
193187
194090
193506
193624
194286
194252
193263
193309
194209
194417
194764
193968
194365
193875
193899
193418
194212
193729
194090
194448
193224
192741
194091
193886
193953
193649
193278
194186
194466
193990
194076
193528
194661
194023
194982
194286
194557
194058
194457
194538
194406
193584
193905
194264
194199
194302
194667
194322
194464
192885
195016
193788
195168
194527
193510
193914
194373
194461
194568
195194
194988
195237
195238
194493
195197
194110
194844
194886
194897
194074
195497
194460
193785
195244
194868
194871
194246
195045
195755
195291
194399
195421
195031
195144
195152
195786
195825
195685
196750
196041
196975
196694
196454
195510
195632
195750
195732
196080
195242
195997
195553
196082
194810
194486
194302
194769
196157
195581
195711
195821
195351
194756
195042
194946
195583
195054
195811
196274
195923
196037
