191020
192298
192687
191644
191962
191753
191893
191254
192341
192152
192500
192029
192194
191479
190580
191695
192351
191770
191749
192051
192322
191785
191776
191875
191658
192130
192369
191912
192594
191430
192677
191507
190921
190679
192627
192095
191531
192186
192440
192247
192484
192096
191892
192695
191885
192452
192459
192693
191954
193034
193327
192119
193328
192990
193389
192667
192344
192718
192597
192331
193691
192629
192369
192173
193047
193420
192818
193191
192362
193875
193997
193667
192708
193513
193387
193552
193102
193918
193801
193378
193968
193028
194474
192346
194146
194196
194543
193908
194250
193816
194240
193430
193384
194226
193764
194460
193626
194761
193888
193885
194005
194008
194466
194955
193411
194185
195345
194956
194549
194921
194475
194003
193985
195242
194900
194595
195023
194930
195491
194795
195095
195739
194309
195367
194435
195186
195564
196007
195213
195722
195486
195173
195060
195523
196212
195070
195553
194627
195444
195549
195990
196521
196314
195590
195555
196354
195946
195977
195649
196527
195400
196839
196320
195634
195659
196265
196288
196983
196171
196550
196725
196760
196628
196638
196315
196117
197000
195704
197046
197577
197747
196675
197278
196881
196795
196869
197388
196819
196794
197032
197261
196791
196384
197556
197706
197561
198454
198035
198001
196531
197581
198227
197396
196795
197855
197893
197409
197165
197256
198875
197876
198091
198253
198105
199335
196774
198214
197083
198847
198868
198281
198734
198595
199296
199232
197926
197522
198935
198673
198552
198503
198793
198569
199140
198736
198731
199073
198451
199255
198985
199346
198591
198833
200110
199047
198413
199911
198783
199186
200179
199351
199710
199046
198604
199525
199728
200089
200927
199205
200506
199549
199677
199690
199647
199914
199899
200106
200265
199228
199779
199398
198579
199271
199162
200151
199548
199510
200230
199665
200024
199086
200502
199275
199217
199928
200143
199418
200173
