191870
191212
192542
192145
190655
190745
192097
192081
192139
192128
190988
191699
192670
193012
191375
192464
193799
192503
191156
192298
192780
192628
192739
192510
192742
192132
193178
193027
191886
192675
193217
194179
192339
192056
193155
193869
193162
192155
192845
194079
192930
193356
192566
193574
194048
193606
193353
193575
194736
193800
194035
193880
194460
194190
193960
194145
193518
193805
194566
195026
194489
194950
194763
193699
194036
194157
195017
194689
194926
194436
195352
194762
194669
194425
195120
195000
194561
194035
195078
194130
195618
194566
194894
195840
194314
194696
196647
195959
195620
195226
195165
195663
194693
196308
195639
195462
195933
195898
196138
196117
196869
194387
196959
196727
196233
195976
196840
196281
195831
195972
196526
196297
196244
195985
196340
196395
196957
196424
195485
196602
197187
196703
197071
196097
196794
197243
197237
197538
196565
196603
196701
197672
197745
196661
197919
197441
198776
196457
197616
197180
197232
197137
196661
197667
197678
197638
197880
196746
196336
197775
197891
196484
198022
198233
197718
197575
197839
198647
197486
198260
197196
196716
198898
198446
198876
199222
199165
198533
197241
197000
197820
199210
199060
197561
199358
198410
198434
199077
197754
199384
198070
197927
197991
198412
198024
198494
198267
197483
198111
198252
198046
198464
198474
197913
198370
198529
