191867
191800
192364
192157
191740
191587
191960
191848
192614
192637
192558
191329
191548
192429
190944
192185
191798
191125
192415
192236
192798
192938
191830
192990
192664
192413
191848
192515
193398
192167
192909
191803
192779
192504
192407
191983
193638
192898
192988
192062
192803
192551
191922
193424
192627
192322
192246
193042
192408
193268
193007
192896
193284
193460
192625
193560
192811
193344
193768
193754
193800
194257
192453
193114
193102
193461
193230
193750
193966
192812
194058
194017
193747
193513
193571
193559
193677
193764
193761
193459
193149
193218
194373
193981
193044
193486
193908
194246
193953
194216
194652
194165
194038
193746
194476
194374
193485
194143
192799
193053
193776
194066
194817
193666
194409
194471
194480
194797
193205
194852
194619
193449
194616
195301
194319
194736
194920
194528
195124
195109
195790
194190
195024
194732
195590
194353
194245
195345
195955
194521
194967
194494
195568
194453
195428
195477
195776
195686
194843
194831
195891
195554
195895
196011
195603
195523
196432
195970
195094
195425
195288
196742
195948
195704
196474
195664
196823
195685
196261
195984
196058
196211
196491
195907
195913
197012
196223
197816
196359
197317
196707
197717
197606
197297
198096
196327
197334
197060
197004
196896
197504
197641
196963
197620
197112
197220
196576
196442
197927
196743
198134
197456
197946
196675
196897
197196
197046
196451
198103
196940
197907
197357
197806
198096
197206
197662
197624
197430
198231
197875
197355
197300
198660
197408
198390
198262
198654
198002
199029
198727
198715
199124
197624
197191
198119
198191
198345
197619
198074
198580
198856
198901
198697
199298
198581
199576
199155
199152
199057
198861
198289
199744
199249
199221
198867
199660
200026
199321
199385
197233
200305
199335
198693
199474
200650
200318
199956
199622
198930
198968
199908
199835
199039
198278
199229
199465
199634
199497
198590
199764
200480
199668
198974
200252
198840
199564
199988
200022
200652
200225
199580
200549
200442
199987
199208
199682
200678
200058
200899
199721
199447
200245
200833
201003
201003
200528
201393
200163
200654
200133
200049
200990
200995
201091
201100
201079
201807
201588
200028
200891
200336
200641
201438
200404
201361
201312
201704
200470
201436
200203
200472
201927
200606
201483
201293
200154
201643
201775
199912
200333
202004
201817
200728
200917
200808
201839
201414
201027
201258
202379
201607
201507
201410
201714
201557
201486
201220
202092
201099
202111
201052
201501
201307
201340
200629
201589
200246
201702
202005
202423
201784
201984
201936
200218
202204
201604
201888
201800
201601
201837
201096
201798
201950
201901
201840
200109
202080
200493
201825
201801
202360
202596
201556
200628
201577
201907
202104
202817
201920
202029
201919
201820
201926
201826
201384
202316
199829
201770
201510
201970
202986
202160
202529
201154
203077
201453
202335
201104
202458
200698
202126
201895
202252
202581
202614
201357
201738
202157
201197
202015
202417
202318
201667
202438
201971
202379
200705
201469
202064
201875
202675
201545
202680
