192049
191919
191872
191686
191462
192452
192450
192717
191955
191264
192186
193909
192565
193102
192479
192293
191759
193114
191773
192454
193417
192450
192856
192946
192630
192281
193406
192997
192989
192451
193017
193024
192576
191423
192748
193067
192692
193536
192894
193247
193902
192959
193011
193494
192609
192155
192550
192543
192526
192127
193686
192813
193655
193594
192805
192458
192576
194450
192903
193863
193523
192890
192469
193308
193140
194495
193452
193833
192997
193736
193763
193818
193546
193850
193979
194098
194393
193815
194446
193959
194675
194347
194012
194112
194394
194246
195134
193520
193650
193741
194719
193792
194848
195141
195032
194830
195185
194897
195170
195700
194172
195210
194897
195758
195351
196054
196015
195183
195318
194128
195400
195449
194485
194487
196383
194989
194802
195078
195582
195575
194081
195837
195830
195982
195266
195821
195216
195861
195651
195997
195909
195908
197032
195673
197183
196083
196161
195490
197259
196853
196970
196476
196181
196110
196923
196860
197296
196689
196334
196570
196859
197668
196777
195359
196834
197607
196937
196864
196682
196883
196915
196605
197656
197099
197683
197780
197831
197544
198023
198139
197930
198253
198049
197871
197583
197643
197802
198716
197477
198899
198226
198849
198252
198653
198562
197914
198054
198847
199349
198923
198592
198066
198405
198381
199117
198234
198273
198730
198359
198945
198523
199431
198019
198318
198394
199016
198586
198051
199270
198603
199428
198286
199237
198590
199668
198677
198903
198924
198970
199540
199160
199203
199967
199434
199340
199050
199627
198805
199334
200417
199437
199710
199719
199597
199561
199082
199864
200420
200327
200645
199735
199872
200739
200499
200336
200534
200160
201078
200607
201299
200471
200995
200053
200583
201042
200793
200451
199481
201116
201024
201328
200836
200489
201154
200791
201154
201838
201414
200213
200315
200772
200987
200025
200562
200956
201988
200148
201061
200025
199891
200697
201149
200863
202217
201138
200656
200768
200725
201534
202141
200641
201595
200741
201358
200497
201743
200955
200275
201742
200877
201594
201856
201884
201757
201457
201332
201637
200845
202525
201637
200329
202570
202334
201829
202118
202013
201366
202575
200972
202384
201767
201162
202734
201689
202304
202448
202014
202321
202752
202844
202596
202361
201465
202887
200967
201680
202652
201088
202800
202057
202330
202881
201521
202425
202109
201758
202117
201329
202881
201950
202749
202255
202106
202353
202924
202206
201589
201593
201920
201230
202183
202167
202580
202646
202367
202624
202446
201872
200623
202822
201891
202658
202522
202339
202201
202453
202076
202714
202462
201124
202016
201379
202577
202440
203214
202046
201817
202682
202798
202338
202452
202987
201123
202746
202203
203103
202940
203334
203251
202485
201776
201675
202420
202203
202913
202587
202505
202743
203167
202658
203125
202497
201963
201942
201479
202145
203035
202687
202041
202727
202878
201845
203328
203264
202757
202552
202856
202249
202763
202397
202869
201842
202269
202046
203115
202684
202301
202310
202409
202902
203694
202249
202566
201692
202914
202541
203215
201748
200504
202239
202948
203350
202149
202095
202260
202436
202936
202514
202389
202373
201989
204317
202437
202737
202670
202455
203472
202288
202083
202689
203117
202106
202395
202676
203175
202492
202225
202970
202267
202986
200908
201817
202866
202979
202209
203130
202463
202208
201579
201281
203189
203327
202808
202321
202803
203560
202899
203102
201987
203288
202463
202798
202475
202971
202700
202741
202964
202178
202548
203091
203043
203070
202743
203498
202959
202473
202002
202887
202376
202541
202842
202433
203239
202296
202912
202783
201873
203030
202299
202702
202782
201842
202837
201698
202532
201262
202512
203210
202106
202074
202397
203668
