191883
191605
192938
191644
190990
191697
191803
192140
192436
191470
192467
192488
192796
192457
192520
192615
192837
192895
193192
192381
193691
192329
191511
193018
193274
192600
193523
193354
192699
193406
191950
193046
192136
193514
193550
192247
192853
192856
193151
193660
192258
192967
193587
193712
193370
193222
193963
192110
193441
192893
193751
194464
193062
193375
192961
193795
194134
193928
194558
194777
193480
194239
194147
194139
194042
193800
194464
193909
194560
194314
193972
194214
193654
194426
194696
193844
194643
194347
193197
194536
194734
195286
193685
194443
194801
195194
195230
194934
195393
194921
195936
194933
194648
195239
195665
195463
194494
195780
194410
195005
195113
194812
195204
195549
195207
195532
196381
196154
195265
195541
196209
196106
196247
195667
196120
195651
196713
195672
196883
195969
196648
197648
196592
196543
196905
196490
196646
196964
197420
197643
196756
196957
196281
197116
196515
196448
196842
197314
197034
196688
196479
196022
196724
197181
196652
195767
197066
195864
197103
196436
196928
197182
197230
196630
197523
196977
197266
197234
197632
196419
197313
196924
197007
197179
196802
197459
196736
197427
198075
196863
197195
196647
197131
197417
198380
197346
197572
198742
197138
197052
196541
197405
197816
197185
198105
196699
198160
196573
197180
198329
197193
198478
198344
198509
199278
198431
198091
198674
198775
198512
198484
198414
198258
198472
198256
196967
196524
198072
198981
197539
197744
197567
197749
198213
197956
198570
197979
197796
198243
197612
198349
198223
198375
198372
198211
197945
197755
