192143
192176
191741
191473
192224
192636
192555
191566
193248
191393
191991
191765
192928
192036
192529
192934
193040
191614
192809
192765
192793
193097
193388
192346
192156
193236
193129
193664
191707
193465
192047
193761
193451
192857
193365
193228
193225
193760
194030
193765
193605
193640
193601
192652
194085
194094
194089
193759
193927
193573
193568
194065
194228
194444
194189
194373
194869
194240
193728
193883
193176
193924
194727
194800
193671
194638
193658
195205
194002
194376
193602
194219
194405
194091
194460
194337
195560
194992
194081
194327
193693
195596
194004
194561
194848
194455
193320
193680
194143
195431
194031
194410
194197
195294
194268
194876
194399
194777
195064
194421
195439
194938
195667
194832
195372
194859
195784
194791
196004
195305
195287
194804
195505
196190
195550
196480
195482
195200
195340
195598
196308
196471
195252
195880
196375
195955
194831
196257
194595
194685
195139
196661
195541
196362
196218
196696
195474
195840
196374
197350
196622
196178
196284
196414
196554
196548
196694
196495
195714
196152
196586
196020
197144
197486
197058
197813
197920
197296
197073
197350
197014
198652
198023
196871
196188
197427
197545
197534
198453
197142
198271
197589
197551
197402
198274
197542
197185
198044
198799
196985
198977
197644
198198
198967
197855
198621
198531
198613
197803
198199
198660
198053
198252
198382
197924
198475
197871
198011
198450
198986
197650
198544
197965
198715
197249
197197
198480
198456
198422
198615
197583
198643
198223
197899
198302
198899
198333
199155
198440
197373
198692
197274
199465
198052
199219
198262
198638
199465
198446
198115
198269
198800
199140
198919
198763
199564
198524
199708
199516
198969
199947
199549
199650
198997
199413
199957
199444
199812
199763
199050
199650
199381
199912
200573
200684
200173
199205
199478
200335
199897
198783
200646
200168
199621
199700
200392
199311
199644
200430
200232
200482
200087
200425
199655
199873
200584
200365
200226
200623
200247
200342
200516
199800
200276
201096
199805
200484
200400
200782
200279
199794
199729
200726
200829
201386
200624
200786
201066
200528
201711
201784
200394
201101
200538
200109
200548
202182
201270
201763
200800
200685
200981
200289
201382
201623
201347
201572
201509
200394
201468
200733
201284
201568
201436
201888
201996
201254
200899
201855
201147
200809
201246
201919
201475
202182
201754
201079
201542
201153
202004
200516
202220
202270
201671
202346
202194
201647
201790
202440
201227
202489
201508
201868
202374
202444
201385
201959
201426
202214
201782
202469
202171
202221
201772
201910
202126
202532
202827
202342
201105
202218
201772
202516
201385
202755
201542
202674
202334
201971
201635
202674
202249
202429
202640
200737
203082
201279
202987
202576
201742
201485
203200
202431
202152
202358
202243
203228
202115
203024
202511
202182
202503
201758
202325
202122
203321
201979
202470
202325
203078
203314
201805
202182
204311
201341
202547
202468
201539
201840
202415
202493
202214
201854
202553
202400
201676
202201
201838
203349
202171
202609
202275
202617
201022
202529
201446
202948
202984
202209
203010
202717
