191587
191478
192277
191819
192518
192488
192007
192667
191651
192573
192574
192006
193085
192649
192563
192199
192480
193379
192343
193357
191934
191902
192766
192304
193148
193046
192860
193406
192726
192806
193430
192555
192484
193487
193671
192330
193456
192230
192538
193525
192831
193599
191562
193569
193090
193430
193492
192272
193452
193545
194241
193742
194481
192777
193543
194170
193095
193844
193965
193939
194438
193966
194054
193379
194687
194615
192903
194711
195032
194651
194498
194131
193901
193041
194025
194911
193846
194614
194895
194182
194395
194309
195306
194951
195573
194053
195519
194983
195220
195666
194922
194750
194568
194987
194769
195423
195181
195244
194803
195082
196180
194772
195169
196126
195681
195096
194286
196343
195421
196014
195602
195862
195190
195564
195716
196082
196912
195663
196545
195571
196097
196428
196882
194529
196554
196619
196814
196101
196648
196903
196423
195521
196777
196770
196797
196552
197236
196690
197212
196542
196678
197643
198120
196097
197308
197307
197574
197010
196978
197132
197978
198158
197476
197182
197329
198345
197240
197552
197558
198260
197969
198655
198181
197252
198517
198277
197429
198371
198780
198501
197652
199627
198390
198517
198273
197832
198851
199287
197837
199226
198585
199148
199592
199039
198836
199711
200036
198869
198653
199412
199353
199644
200277
199677
200119
199124
200052
198381
198421
199205
198505
198139
199745
199181
198777
199576
199820
198826
199027
199738
197595
199515
199024
200291
198508
198660
199610
199423
198405
198970
198989
199690
199945
