192419
191675
191196
191575
191938
192213
191346
192143
192907
191702
191137
191613
191096
192763
191694
191897
192949
192209
192300
192540
192475
193038
192987
193406
193028
193109
191769
192413
192985
193245
191711
192026
193131
193467
192935
193261
193099
192394
192749
192801
192173
192992
193337
193140
191860
194360
193626
193602
193278
194049
193225
192784
194112
193768
194301
193651
193418
193195
194228
193934
193662
193936
194288
193779
194450
193906
194293
194008
194350
193923
195405
193983
194994
195185
194610
193995
194594
194454
194308
195206
193694
194253
194739
194968
194954
194732
194729
195883
194528
194349
195239
195460
194420
194191
193663
195308
195474
195042
195882
194227
195500
195156
194975
195365
195781
194968
195101
195643
194904
195391
195526
194918
195302
194735
195414
194953
195810
195679
195269
195200
194886
195432
195325
195850
196147
195029
195547
195723
196324
196349
196588
195357
195755
196208
195094
195908
195937
195368
197335
195950
196079
196342
196128
196489
197617
196830
195894
196281
196259
196848
196468
196023
196567
196458
197394
196219
196280
197700
196214
197429
196937
196024
196536
197003
196975
197269
196385
196250
198726
197354
197781
197723
196049
197713
197361
197420
198000
197826
198357
198131
198012
197052
198233
197346
198495
197596
198546
198908
198880
198631
198634
198724
197695
198288
197827
198156
199456
198031
198861
198265
199488
198675
198474
198835
199723
198876
198695
198599
198323
198895
198880
198460
199000
198507
199249
198420
198834
199711
198866
198166
199352
198230
198567
198804
198156
198972
198779
199288
198545
199689
199246
199810
199312
199408
199289
198745
200048
198772
199516
199236
200852
199643
199568
199527
199378
200168
199656
198266
200330
199683
200086
199912
199901
199174
200958
201230
199607
200086
201414
200317
199289
200170
200138
200698
201464
201661
199994
200271
199397
200989
201083
200728
201704
200607
200151
201373
200815
199883
200417
201278
200708
200715
201351
200317
200349
201111
200577
201198
200490
200794
200151
201173
200310
201334
199932
200928
200668
201544
199954
200250
201230
201001
201118
