191596
191911
191842
191882
191687
192168
192149
192044
192247
192753
192198
192364
193459
192525
193235
192881
192043
192327
191730
193024
192903
193345
192841
191936
193113
192818
191339
192433
192835
192090
192840
192831
192094
192559
192864
192730
193315
192340
192892
192486
193357
193827
193356
192925
193049
193636
192923
193602
192782
192338
192845
192629
193638
192661
192770
193508
193305
193430
194040
193489
193722
193622
191612
193474
194254
193890
193411
192985
194245
192648
192750
194180
193812
192699
193018
193508
193169
193555
193742
193764
193244
192607
193823
193721
193425
193603
192383
193087
193898
194497
193432
194595
193842
193430
194203
193656
192613
193316
193746
193744
194528
194402
194634
194914
193270
193853
194572
194337
193963
193562
193228
194073
194196
194011
193630
193553
194109
193133
194219
193514
193652
194403
193466
194499
194150
193617
194406
193766
193783
194956
194481
193103
194182
