191649
191227
192402
190726
191924
192324
191985
192386
192647
191783
191894
191880
192666
191866
191900
192644
191601
192494
191679
192901
192170
192766
193039
192773
193197
193266
192609
192732
193008
192901
192396
192582
191903
193619
193006
192248
192861
193789
193242
191389
193176
193209
193194
192129
193291
192898
192700
193277
193303
193612
193111
193276
192513
192597
193124
193103
192337
193729
192406
192633
192902
193078
193188
193558
192707
193495
192002
192057
193414
194177
192990
193423
192852
193108
193708
192561
194467
193073
193449
193540
193523
193559
193961
193871
193762
193774
193660
193533
193608
193583
193993
193285
193989
194738
193545
193654
194340
192879
193990
195156
194817
194079
194788
193681
195135
194340
193200
194767
194655
194710
194142
194484
195547
194167
194081
194033
194568
194856
194419
195120
195211
194590
194944
195395
194261
195492
195294
196018
196252
195397
195202
195621
195728
194785
195131
196034
196063
195130
196862
195917
195429
195320
195591
195226
196223
195207
196419
195478
196211
195873
194860
196425
196010
195689
196120
195011
195187
195583
195064
196189
196354
195138
196091
195351
195837
196798
195739
197069
195639
196422
195498
196161
195481
195396
195772
195089
196653
196069
197159
195619
196116
196253
195294
196157
195751
195748
196581
196601
196614
195174
197074
196690
197417
196448
196743
197044
196781
196922
196469
196830
195902
197633
196296
197420
197208
195942
198112
197554
197891
197481
196857
196644
196277
197063
197034
197768
197530
196809
197380
197259
196676
197875
197104
197548
196938
196819
197368
197666
197716
196636
197247
197424
197609
197088
197128
197109
197176
196844
197058
196932
