191674
191227
191704
191352
192256
191502
192000
191742
191923
191392
190849
192519
191777
192396
192273
192836
193328
193395
191879
192121
192295
193797
192679
193238
192357
193282
194092
194066
192744
193306
192760
192762
193542
192865
193187
192839
193692
192859
192641
192560
193224
193938
191934
192605
193783
193586
193134
193294
192334
192937
193024
192861
193303
193209
193939
192845
193143
193774
193919
193922
192339
193234
193441
193126
193310
192997
192927
194502
194077
193002
193711
192260
193524
192835
193213
192950
193189
193472
193519
193685
193294
192735
193424
193521
193460
193603
193750
194439
193670
193902
193165
193553
193648
194973
193908
194073
194402
193986
194052
193661
193579
193972
194575
195351
194915
194272
194447
195187
194827
194997
194117
195141
193652
194820
194365
194410
195258
194112
195350
194317
194706
194583
194859
193591
193348
195241
194739
194439
195449
194390
195716
195218
193766
195344
194478
193974
194219
195266
195957
195067
195048
196175
195694
194628
195897
195172
194953
195753
194860
194444
195756
194858
196279
195410
194834
195460
195765
195627
195878
194977
195812
196124
194922
195952
194235
196155
196888
194723
195506
196212
196417
196009
196282
196019
196168
196519
197022
195589
195785
195981
196827
196302
196715
196808
197097
195607
196696
197532
197020
197452
196791
197342
198068
197242
196955
195993
197233
197297
197342
197123
197755
197532
197955
197226
198114
198111
197675
198463
198212
197155
198060
199188
198351
198777
197259
198369
198224
197784
198709
199421
198773
198283
197626
198050
197762
198034
197609
198370
198223
198667
198379
198676
198536
198033
197860
198425
198837
197943
199619
198174
199659
199027
198344
198223
198333
198347
198979
198549
198149
198941
199959
198881
199576
199064
200038
198794
199390
199257
199047
199533
199938
199585
199771
200020
199567
201079
199915
199222
199214
200618
199604
199553
199874
199539
198619
199585
200234
199365
199686
199516
199556
199646
200018
199566
200009
200060
198615
199716
200036
200798
200364
200070
200419
199831
199663
200232
199194
199097
198818
199079
200455
200414
200386
200058
199887
199801
199543
200460
199935
200461
199568
200900
199671
200681
200772
200108
198726
200905
200785
200928
200745
199807
201404
200703
200478
200748
200200
200387
199044
200310
199970
201482
201081
200317
199219
200187
200386
201173
200214
199862
200534
200820
201024
200584
200330
201208
200926
200638
200614
200255
201177
200424
200104
200205
200843
201194
201731
201765
201104
199847
201313
201241
200690
200032
201428
201360
200800
200448
200363
201403
200373
201233
200844
200466
200061
201783
200368
201764
200840
200551
201297
201060
201568
201744
201436
201399
201878
200977
201695
200804
201020
202377
201196
202154
201573
201990
201386
201431
201370
202002
201734
201292
201412
202403
201650
201887
201739
201835
201736
201386
200681
201901
201373
200868
201955
200493
202092
202075
201467
202297
201539
202011
201558
202002
201380
201902
201179
202205
200932
200555
201556
202305
201876
202106
202351
202435
201707
202041
202116
201929
202397
202483
202176
201777
201585
201741
202024
200742
201909
202328
201335
201892
201905
201839
202270
202049
202534
200688
202686
202177
202037
202310
202316
200485
202408
201259
201782
201695
201694
203089
201945
202202
201503
202578
201763
202013
201853
201434
202033
201948
202201
201848
202723
202035
201911
202100
202294
201631
201976
202624
202867
201821
201529
203057
202358
202468
202884
202878
202217
202313
202576
202789
202567
202963
202725
202616
201602
201878
202681
202344
202290
202385
203270
202862
202057
202636
202200
200803
200514
201800
202362
203127
202383
202372
202019
202250
202423
200684
201587
202280
202837
203843
202494
202749
202799
202274
201758
202262
202006
201917
202787
201376
202881
202527
203090
202655
203163
200902
201962
202790
202953
202737
202382
202000
202773
201665
202076
201929
202911
203187
203124
201890
201309
