192508
192050
191545
192323
191614
191882
191565
191579
192863
193243
192099
192491
191821
192336
192801
192316
192783
192131
192211
192902
192805
193056
192967
193148
192035
192351
192950
193684
192913
192494
193572
193253
193084
193502
193119
193086
193552
192696
193541
192484
192580
193194
192566
193903
193249
193657
193629
193429
193182
194020
193980
193069
193831
193159
193840
193447
194043
193222
193288
193804
193808
193295
193212
195193
193886
194219
194372
193978
193728
192153
194913
193822
193052
194045
195100
194853
194323
193888
194233
193486
194592
193537
194597
193805
194247
194773
194184
194842
194546
194388
194260
194038
194262
194842
195236
195241
195149
194338
194888
195257
194805
195471
195619
195131
195711
195950
194663
194918
195251
196107
196132
195835
195667
195290
194837
195544
195477
196328
195124
196014
195649
196798
195976
197280
195884
196127
195931
193971
196149
196530
196244
196443
196439
196525
196783
196275
198091
197235
197236
197235
195540
196777
196855
197429
196450
196445
196498
197528
197323
197063
196963
196683
196802
196198
197723
196370
197057
196490
196124
196946
197729
197362
196397
197043
197335
197821
197793
197028
198302
197053
196767
197722
197723
197843
196738
197991
196782
196909
198096
197387
198058
197153
198096
197446
196774
197050
197679
197666
197815
198018
195955
198341
197684
197336
198313
198620
197614
198375
198212
196502
198558
198849
198355
198272
198472
198595
198506
198601
199676
198292
198362
198880
198768
198578
198849
198575
198882
198392
199814
197750
199629
199008
198390
199953
199413
199702
199969
199438
199789
198697
199527
198398
199471
199007
199375
199776
198938
200140
199642
199966
198695
199690
199658
199751
200064
200284
200008
199498
199262
199595
199447
199921
199607
200107
200140
200291
199640
199507
201306
199838
200188
198721
199994
199931
200889
199341
200601
199920
200076
200103
199900
199728
200016
200413
200316
199801
201453
200078
200439
200070
199917
199731
200115
200268
200033
200192
200598
201396
199990
199815
199774
200001
199691
200389
201567
200921
199981
200764
200306
200070
201237
200514
200868
200733
201121
201929
200708
201280
200561
201173
199506
201293
200567
201421
201112
201294
200638
201144
201457
200921
201158
202088
200544
201778
201216
200799
200703
201865
201530
201080
200255
201130
201388
200408
201029
201308
201002
201327
200463
200522
199738
201917
201820
201692
201081
201982
201007
201840
201064
201494
201905
201543
200726
200174
201983
201075
201566
201483
200477
200251
200988
201651
201566
201213
200772
200700
201844
200094
201828
201035
202348
201407
201772
200327
200379
202093
200909
201227
200567
200464
201250
201197
200569
200457
202017
201132
202807
201478
200764
200576
200835
201881
202807
201160
202035
202054
201612
201198
202124
201383
202172
201078
201531
200514
201414
202574
202116
201671
201236
201757
202095
201911
201625
202073
201315
200945
202091
201372
202547
201259
201649
201743
201958
201574
201827
