191606
192031
190467
191658
191701
192217
191880
191811
192301
191703
191758
192040
191891
193016
192750
193720
190828
192020
192172
192721
193929
192591
192538
192720
192758
193104
193557
192935
192680
191349
193056
193669
192753
192730
194418
192569
193530
192797
193162
193150
193582
193035
193290
192970
194154
193974
193915
192791
194610
193108
193718
194978
194302
193387
192962
194812
194461
193152
194692
194808
193959
193849
195200
194238
194340
195535
194890
195094
194454
194655
194597
194793
195186
195258
195015
194859
194750
195506
194936
196030
195137
194652
195006
195361
195481
195504
195413
196028
194826
195356
194267
195784
195178
195624
195567
195995
195542
196084
194747
195829
195592
195521
196019
195938
196565
195782
195959
195269
196063
196636
196321
195886
196528
195932
195421
196381
196719
196844
196847
196805
196104
197198
196755
196206
196990
196910
196087
196350
196706
197594
197104
197157
197397
196610
197849
196422
197909
197740
196755
197421
197053
196836
197651
198319
197683
197400
196899
197353
197573
198311
197254
196861
198375
198015
197756
198050
198619
198301
197824
198445
198038
197434
197792
198164
197409
198213
197086
198779
199341
198305
198820
198532
198592
198215
198705
198884
198642
197875
198394
198635
198416
198308
199512
198589
198082
198265
199768
198716
199570
199516
199396
199520
198905
198559
199542
199864
199795
200235
199555
199122
199652
200449
199914
199517
198369
199904
199402
200441
199618
198955
199903
200113
199175
200158
199875
200514
200065
200054
199238
200583
199859
200492
200542
200169
200741
200232
200061
200056
200260
199413
198993
200306
200694
200812
200352
200643
199989
201500
200723
199832
200544
200644
201397
200606
200721
201252
200529
200823
200854
199902
200306
199589
201277
200708
200895
201128
200218
201111
199028
201512
200377
201756
201089
201237
201418
201364
201366
200806
201094
201043
201387
201251
200670
201837
201535
201752
201691
200972
201060
201026
201453
201598
200262
201581
200819
201007
202116
201531
202024
202345
201195
202181
201351
201237
201135
200879
201639
201471
201946
201987
202597
202633
201647
200104
201710
202378
200701
203059
201494
202097
200473
202081
202011
201427
201953
202047
201479
201734
202699
201854
202096
202302
201489
201658
201766
202429
202058
201876
202662
202470
202226
202386
202338
202022
201833
202869
201993
200677
201409
202037
201463
202285
202390
201797
202770
203123
202255
202478
202116
202469
202863
201282
202700
201777
201136
203462
202088
201650
202096
202030
202768
202327
201972
202945
200673
201751
203006
201489
203036
203118
202637
202282
202472
202212
202491
203056
202587
202810
202207
202886
203314
201857
202794
201932
202036
203163
202392
202601
202665
202166
203364
202073
201842
202212
202515
202995
203298
202005
202966
201806
202534
202104
201903
201052
202816
202472
202384
203185
201530
201346
202961
202443
201965
203280
202230
202908
203035
202690
202936
203651
201347
201860
202924
202026
203784
202695
202577
201773
201265
202636
202622
202722
202583
201669
203665
202982
203295
202520
202080
202102
202196
202657
202977
202701
202732
202916
202731
202122
201942
202050
203098
202384
201962
202276
202985
202690
202580
202700
203577
203513
201402
202900
202947
202197
202829
202134
203018
203021
202874
202435
202848
202434
202241
201668
203101
203011
202706
202931
202560
201237
203021
202795
202803
202299
203331
203132
202129
202421
202828
201612
