192125
191279
192037
191901
191386
190844
191882
191779
192846
191799
193093
193015
192656
192862
191364
193207
192913
192690
191658
192058
192046
193171
191854
192877
193301
192231
193370
192745
192898
193762
192287
192689
193493
193078
192579
193439
193646
193274
192758
192135
193372
193098
192350
193411
194180
193158
191978
193458
193374
192485
192564
192702
192553
193844
193757
193536
192946
193684
193072
193214
193911
194433
194670
194813
193301
193698
193809
194144
193864
194285
194551
194203
194737
194191
194112
194925
194576
194118
194822
193724
193654
194690
195594
194093
194068
194273
195403
193976
195078
194756
194993
195416
194933
195132
194988
195723
195574
194981
194897
194918
195007
194558
195864
194933
195307
195116
194938
195478
195092
195498
196081
195537
195356
196336
194947
196165
196418
195903
196211
195499
195146
196453
196105
195738
196032
196166
195522
196406
196414
195490
196458
196978
195776
196301
196745
197091
197006
196824
196524
196945
196301
197780
197398
197130
197285
196479
197254
197607
196543
196610
196939
197084
198011
197913
198132
197725
198566
197138
196424
198028
197712
198016
198031
198154
197424
198156
198599
198638
198799
198956
198487
197778
197686
198592
199085
198641
198939
197683
198741
198149
198587
198630
197592
198795
199237
198535
197801
199510
198084
199515
198495
199128
198688
199639
199531
197330
199036
199477
199192
199612
199201
199172
199749
199754
200158
200174
199472
199995
200079
199717
199841
199779
200727
200167
199839
199529
199307
199531
200035
199220
200151
200211
199695
200334
199892
199653
199949
201190
200531
200194
199696
200305
200409
200428
200644
201439
199857
201057
199181
201227
199887
199301
200313
200208
200140
198889
199654
200534
200802
200397
200016
200076
201108
200523
200353
200579
200091
200058
200128
200753
200900
201151
199988
201425
200370
201203
201304
200966
200945
200993
201304
200996
200473
200662
200497
201543
200733
200513
201021
201079
200620
200475
201646
200970
200161
200650
201356
200369
201369
201763
200445
202013
200657
201227
200147
200589
201536
201055
200269
201209
201040
200586
201817
200744
199907
200821
199873
199503
200507
200855
201941
200347
200956
201389
200882
201002
200666
201870
199202
201837
