191373
192228
192226
193265
192126
192091
190834
192404
192207
192327
192357
191722
192484
191092
192810
193005
192161
192042
191557
193287
192838
191324
192318
192629
192807
192425
192981
193126
193403
191262
193446
192477
192692
193743
192338
192595
192971
193381
193281
193428
192693
193280
193800
192522
193127
192835
192847
192434
192593
193190
193306
193618
193971
193426
193242
193884
193613
192574
193375
193224
193888
193893
193716
191272
193468
193921
194220
193928
193641
193341
193326
191945
193576
194651
194501
194628
194031
194276
195159
193325
193692
193667
193450
193721
193447
193414
194941
194400
194124
194795
195008
195085
193559
194002
194758
194635
193804
193932
195260
194597
194780
193260
194164
193690
193786
194210
194679
194707
194328
194134
193416
194298
194208
194693
194094
194031
194452
195726
194769
194395
194050
194915
194409
195151
194591
195272
194837
194983
194761
194976
195626
195806
194928
194989
195306
195896
195656
195928
194989
195601
194917
195054
195775
195070
195317
196336
196033
196071
196325
196136
196195
195525
195189
196280
196705
196080
195879
196531
195785
196936
195911
195824
195718
196494
196819
196389
197258
196296
197071
195964
196970
196856
196270
197752
197451
196447
196854
196447
197734
197057
197103
197914
198282
197465
196882
196856
197921
198221
196725
197859
197776
196609
198243
197858
197394
197331
197948
198698
198234
198204
198362
198779
198422
198751
198888
198368
198606
199245
199294
198792
198748
198374
199155
198943
198046
198787
198969
197937
197789
199237
197626
199338
199267
197986
198645
199531
197582
199273
197448
199054
198913
199112
199257
199096
198644
198342
198783
198898
198086
199234
198076
198139
199225
198909
199170
198622
198890
198117
198347
199070
199040
199096
198690
199097
199053
199706
198706
198962
198087
198886
199943
199461
199034
198706
198607
198849
198652
199902
198587
197731
198870
199691
198944
198824
198299
198679
199640
199214
198948
199171
200012
199637
199749
199712
199466
199608
198986
199589
198894
199714
200375
199627
200847
199903
199818
200133
199415
199826
199521
199504
199021
200000
198508
199735
200402
200777
197974
200503
201188
200008
200248
201149
200582
200233
200449
200889
200406
200807
200961
200270
200598
199251
201314
200174
200571
200253
200953
200030
200854
200662
200778
201058
200350
201884
200288
200452
200227
201185
201283
200232
199642
201366
201144
201639
201458
201528
201736
201036
200957
200656
200828
201845
200899
201373
201125
200691
200511
201367
201629
199961
200875
200190
201374
200243
199557
199220
200985
200745
201246
201312
200681
201920
200861
200347
201431
201139
201328
200518
201476
