191083
192137
192158
192685
191886
192009
191324
190660
191952
191575
191993
191588
192029
191994
191591
191256
193006
191445
191845
191930
191801
191371
191802
192745
191669
192330
192108
192515
191932
192369
191524
193218
192733
191912
191935
193366
192078
192666
193235
193297
192778
193417
193175
192176
191755
193185
192162
193062
192338
192855
191818
192771
193823
193637
193273
192890
193604
193487
193355
192983
194072
193952
193652
192697
193324
192910
193101
193277
193730
193597
193663
193002
193807
194407
193865
193892
194711
193301
194639
193684
194967
194498
193945
194448
194817
194806
194455
194489
193908
193853
193727
193866
193591
194231
193482
194399
193823
194635
193307
194081
194332
194143
194750
195200
194222
194589
194668
194084
194554
194550
194166
193912
194367
194982
194897
193877
193928
195241
194056
194548
194595
194548
195252
194278
195325
194194
195928
194569
194599
194968
195083
195255
193423
195602
195289
195034
194478
196113
195079
195919
194880
195168
194942
195397
196124
195910
195994
196006
196127
195715
195256
196584
196093
195746
195970
196038
196271
195235
196490
195879
195167
194957
196362
196838
196105
197423
196875
195688
196774
196324
197064
197098
197472
197131
196930
197101
197266
196121
196028
197202
196433
196975
196508
197322
196412
196777
197030
196586
197350
196468
196361
195955
196270
197684
197318
196569
197393
196924
197672
197599
196372
197300
197235
196728
197171
196752
197397
196483
196487
197228
197744
196828
196136
196876
197866
198266
197566
197826
196883
197801
197472
197978
197230
197593
197477
197846
197935
197809
197036
196958
198544
197752
197599
197175
198259
198351
198354
198303
199170
197861
198083
198031
198707
198917
199211
198624
199288
198835
198286
198667
197770
199226
198888
198267
199243
199107
198557
199413
198639
198596
199287
199211
198426
199027
199313
199154
199134
198417
199421
198882
199135
198866
199554
200012
200097
198298
199502
199404
198144
199295
199347
198136
198895
199848
197818
200554
198562
199322
199097
198509
199653
199403
199694
198801
199414
199883
199580
200493
200230
199550
199335
199645
199743
200128
199391
199105
199764
199946
198317
200277
199890
200676
199836
200072
199716
200558
200378
199837
200621
200504
199600
199442
199127
200401
201221
200478
200140
200294
200592
199978
200236
200492
200090
200610
200785
200732
200002
200635
200796
200277
200159
200265
199578
200444
201212
199544
200490
200217
200236
200439
200456
200698
200336
199716
199834
199982
200180
