192667
191658
191981
192401
191217
192876
192258
191663
193116
191546
191989
191776
192586
192119
191705
192833
192107
192100
192156
193070
191470
193192
192572
193369
191889
192249
192806
193260
193166
192069
192923
193447
192998
193203
192655
192485
193403
192744
193861
193912
193572
193661
193910
193435
193932
193383
193546
193490
193846
192915
194748
192464
194333
193054
193550
193173
193935
193627
193420
193914
193078
192882
194243
193192
193028
193554
193752
192614
192713
194092
193618
193340
