192177
192007
192674
192014
192120
192390
192339
192267
191780
191751
191580
192359
193024
191889
192008
192122
193163
191788
191951
191938
193369
192946
192061
192810
193430
193289
192023
193391
192045
192344
193456
193251
192206
193185
193304
193249
192573
193139
193483
194521
193337
192506
193834
192933
193357
192777
193087
193673
193369
194043
191988
193892
194173
193576
193563
193318
194026
193755
194593
193464
192708
193517
193682
193941
193790
193922
194018
193206
194048
194180
194192
194400
194641
194358
193985
193655
194091
194793
193580
194251
194154
194280
194688
193904
192783
194777
194550
193683
194741
195469
194610
195046
195016
195041
194781
195203
195455
195097
194990
193836
195770
194375
195278
195146
196178
195619
195539
195206
194854
194360
195736
195042
195609
195759
194864
195993
196290
194268
195997
194547
196044
195494
195912
196162
195262
195425
196253
195452
196500
196470
196825
195462
195969
195900
196439
196488
196371
195149
196666
196220
197008
197115
196942
197045
196040
197422
196504
197291
197477
197429
197434
196261
197808
197453
196651
198001
197092
198207
198595
197683
198046
198676
197094
197155
197377
198464
197726
195941
195251
197170
197022
198126
197890
197385
197270
197988
198071
197404
198113
198251
196744
197444
196893
196885
197899
196606
198786
198034
196339
