192310
192508
192388
191296
191524
191374
191282
191631
192984
192095
191943
191876
192773
191565
192099
192503
192991
191895
192360
192422
192901
192726
192217
192719
192727
193146
192771
193395
192340
192107
192847
192854
193494
192046
193797
193805
193489
193392
193151
193565
193558
194042
193599
193993
194471
193049
194781
194035
193590
194421
193856
193355
193339
193701
194646
194179
194899
194438
194401
194109
195090
195253
194887
193283
194439
194785
194847
195108
193726
193797
194746
194916
194353
195380
194986
195229
195202
195367
195546
195014
195712
195590
194755
194978
196244
194499
194726
195481
195301
196285
195438
195111
194990
195759
195489
196160
194875
195964
195076
196694
196144
195688
195857
196707
195756
195915
195103
195660
196464
197258
195665
196387
196567
196049
196812
196793
195957
197448
197128
197681
197282
196123
197308
196924
195677
197723
196878
197299
196997
197868
196799
196808
197380
196964
196525
196899
196530
196156
197286
196865
196773
196488
196714
197431
196632
196825
196843
197362
196837
197318
196475
