192110
191986
191636
191896
190707
192550
192730
191529
191382
191185
192561
191974
192201
192595
191533
192762
191779
192252
192776
191426
191285
192537
192923
192976
193704
192380
192568
192638
192943
192521
192117
193643
193863
193452
192509
193181
192939
194571
193219
193098
193713
192608
193699
193439
192718
193945
193226
193446
192818
193980
193851
192833
192288
193025
193809
193374
193905
193114
193244
192959
191723
193747
193650
193731
193969
193570
194785
193733
193785
194209
193695
194646
193079
194229
193695
193387
194796
194660
194019
194518
195331
194880
194741
195391
194795
193776
194306
195051
194920
193776
194035
194873
194498
194370
194744
194012
194594
194353
194508
194303
194577
194756
194892
195752
194126
195240
193100
194698
194926
194440
194610
194985
195130
195162
194756
194413
194844
194634
195524
194928
194576
194201
194416
194545
195200
194378
194695
194402
194285
194697
194901
194920
195692
195213
194678
195952
194529
195950
195947
195919
194656
196024
195716
195701
195265
196508
194581
195351
195558
196058
195579
196212
195707
195501
196628
196108
195476
196422
195599
196336
195480
196613
196854
196185
196206
194906
196505
194748
195348
196247
197420
196415
196735
196293
196643
197217
197172
196997
197492
197482
196210
197265
197304
196275
196584
197447
197342
197263
196397
197236
197128
196987
197396
197316
197640
197786
197047
197385
197999
197218
197801
197014
197316
198842
198813
198692
198487
198920
197761
197087
198167
197177
198476
198389
198683
198527
198339
198672
198652
198334
199059
198668
199508
198302
198436
199018
198339
198396
198538
198879
199074
198734
199679
198873
200022
198374
198345
199103
198315
199262
198400
197825
199028
199504
197913
199409
199512
199821
198990
199820
199675
199610
198125
198614
198540
199549
199586
198914
198981
198390
200274
199251
199414
199146
199255
198720
198543
199850
199905
199620
199052
200051
199929
199354
199503
200295
200168
200206
199666
200224
199300
199957
200373
200658
199852
200129
200316
199941
200696
200014
199884
200235
200738
200680
200479
200199
200478
200671
200941
198771
201158
199861
200404
200935
200675
200278
201335
200266
200750
200812
201293
201037
200950
200836
200310
200679
201080
199739
201882
200690
201437
200328
201952
201293
200665
200331
201941
200508
200756
201023
201676
200642
200302
200819
200324
200739
200037
201606
201733
202010
201961
201532
201899
200614
201657
200874
200629
201652
199455
201315
200608
200469
200888
201318
200584
200605
201891
201534
201831
200603
201664
199950
202285
201849
201442
201075
202141
201210
201914
200439
201911
201260
202002
201178
201724
200881
201288
200197
201290
201745
201488
200729
201475
201562
201477
201467
202753
201519
202483
202490
202226
201986
201971
200725
201839
202168
201123
202040
201796
201707
201435
201383
200192
201779
200724
201987
201806
202099
202056
200778
201694
200478
200319
201549
200591
201446
201080
201916
201570
202217
201886
200881
