191391
191145
191201
191392
191764
191871
193062
192143
191331
192032
192200
192796
192209
192731
191614
192390
191789
193385
192455
192894
193242
193043
192386
192299
192328
192274
191300
193296
192564
192726
192973
192531
192769
192990
190720
192697
192825
192156
193257
191778
191855
192315
193808
193111
194167
192583
193077
193373
192834
193420
193379
191691
193540
192359
192226
192229
192929
193249
193015
192753
192639
192445
193797
193547
191976
193272
193881
192768
193089
191658
193644
192800
192675
193205
192020
