191922
191776
192231
190285
191567
191494
190940
192771
190604
191481
192407
192432
190321
192680
191922
192079
192112
192162
193158
192989
193310
192719
192250
193485
193078
193557
193361
192659
193278
193660
192447
192998
193161
192998
193183
192899
194302
193204
192784
194039
193947
192936
192200
193174
194045
193376
192737
193271
193328
193578
192928
193704
193176
193734
193838
192766
192816
193778
192791
194020
192369
192637
193487
192913
193862
193974
192838
192378
192655
192522
194170
193996
193262
193322
193720
194141
193649
193599
193586
193510
194416
193876
193577
193995
193929
194333
193770
193733
194001
194328
193674
193834
193897
193879
194368
194946
193199
194037
194263
194315
194769
194963
194414
194217
192697
194602
194882
193402
194566
195430
195049
194647
195037
195048
195122
195607
195288
195398
194654
194281
194140
193992
194727
194887
194652
193577
195118
195506
194833
194504
195144
194549
195294
195384
195866
195441
195902
194910
194459
194720
195009
195751
195244
196156
195759
195676
195558
195714
195490
195102
195729
195403
195677
195369
195911
196454
194518
194441
194668
195840
195019
195639
195929
196183
196207
195903
196538
195345
195427
196354
197283
196510
196422
196521
197173
196632
196382
196751
196944
196526
196243
196841
196673
196146
196438
196780
197087
196681
197361
196474
196338
196682
197423
196769
197382
197570
197204
197478
198933
196882
196964
198252
197683
196607
196941
197888
197670
198383
197384
196583
197813
198787
197620
197959
198126
198427
197879
198253
198058
198051
199104
198704
198154
198171
198767
197540
199116
197856
197722
198497
198625
198164
198266
198772
198716
198742
197111
198666
198974
199264
199043
199273
198131
199022
199925
198506
196977
198872
198796
198907
199120
198339
197656
198250
199353
199314
198636
198797
198945
198365
198378
199910
198874
198672
199188
198974
199743
199677
199660
199124
199173
200091
200087
198594
199765
198791
200019
199433
200096
199644
200132
199731
199946
199922
199717
199773
200363
200783
199934
199443
200229
200039
200433
200109
199497
201006
200977
200529
199317
201618
200704
199342
200987
199984
199805
200759
200112
200230
200155
200800
200962
200662
200985
200538
201333
200497
200522
200817
200720
199512
200992
200922
201507
200475
201111
199598
201129
200671
200206
201167
200756
201335
199655
200945
201391
201182
201095
201166
200911
200758
200661
200525
200660
201347
201100
200855
202063
201737
201305
201770
202037
201695
202102
201275
200455
201491
201629
201891
201769
202233
202587
201809
201562
200691
202155
201868
201770
201414
201765
201437
201405
201099
201901
202065
201366
202315
201538
201336
201176
201681
201285
201591
200650
201374
201932
201393
201708
202197
202260
202303
201105
201512
201335
200578
201131
200381
201152
202166
202610
202074
201152
201161
201934
201218
202600
201598
201617
201799
201467
202431
202541
201630
202322
201641
202329
202929
202214
202646
201848
200904
201256
202112
201485
202406
201665
201368
201815
201147
202096
202349
202216
201339
202382
201970
201504
202667
202074
201568
201832
201817
201424
201692
201467
201662
201161
201371
200581
202714
