192160
192003
191574
191059
191447
191638
192165
191542
192617
192409
191782
192506
192271
192721
191666
192010
192203
193051
193088
192622
192616
193201
193192
193548
192812
193087
193071
192767
192753
192427
192149
192635
193068
192320
192132
192900
192659
192873
193098
192774
192387
193354
192883
192549
193267
194157
191865
194063
193865
193315
192147
192308
192892
193525
192842
193859
193858
193174
193056
194565
193510
193032
193970
193758
194487
194640
194013
193669
194511
193674
194938
194453
194956
195115
194363
194215
194613
194642
194753
194509
194847
193990
195247
194559
194622
194861
194938
194816
194206
195782
194485
194454
195672
194696
194764
194433
194552
195325
194897
194699
194747
194802
194566
194720
194917
195416
195945
194702
195125
196348
195182
195431
195467
195851
195317
196013
195892
195734
196525
195011
195839
196083
196202
196348
196026
196417
195824
196417
196315
197238
196663
195930
197106
195974
197192
195869
195491
196719
196695
196254
196230
196684
195723
196843
196593
195658
196258
195640
194782
195355
196321
196105
196900
196623
196940
196885
196017
197037
196827
197185
196977
196660
196607
196903
197040
197673
198073
197087
197953
198223
196878
197558
196889
197501
198161
196596
197007
198493
197786
197214
197518
195614
197697
196736
197059
196920
197000
197968
197442
197302
197308
197185
197643
197473
197346
198237
198011
195357
196760
197550
190988
192113
191076
192342
191726
192313
192817
192276
191875
191099
192370
192878
192020
192176
192213
192257
192527
191517
192557
192704
192397
192971
192910
191606
191439
192724
193063
192729
193524
193190
192439
193036
193138
193486
193549
192714
193265
192903
193060
193175
193017
193762
193248
193844
193186
193900
193533
193561
193310
192730
193634
193318
194658
193049
193938
194385
194443
193809
193867
194444
194717
194491
193838
194231
193853
194280
194574
194559
193418
194686
194115
194642
193058
195229
194919
194775
193709
194523
194905
194995
194677
194962
195193
194640
194636
194648
195490
195024
195069
194965
194731
194544
195095
194327
195459
194429
195386
194877
195024
195151
195522
195715
194841
196423
195439
195228
196283
196428
195177
195880
195701
196679
195631
195525
195015
194814
196333
196151
196445
196159
195951
195944
195985
196828
196486
197400
196010
196755
196712
197439
196211
196596
196035
197243
196434
197059
197584
196621
197335
197569
195731
195958
197065
197123
196234
197503
197085
197632
195328
196504
197953
197407
197165
197368
198019
196701
197560
197468
197116
197331
197784
197856
197583
197170
198157
197462
197627
197816
198427
197574
197616
198163
196326
199006
197483
199150
198341
198296
198113
198152
198827
197789
198238
197857
197713
198099
199187
198261
198717
198770
198490
199362
199701
198683
198089
199268
199403
199694
199091
199102
199351
198080
198064
199550
198346
199953
198476
198135
199773
199017
198748
199455
198066
199031
199262
200493
198320
198512
199765
198748
199580
199620
199045
199238
199935
198334
198965
198909
197696
200088
199540
199750
199247
199778
198451
198649
199441
200030
199241
199586
199895
199407
199214
198648
199899
199387
199965
199362
200201
200451
199152
200087
199581
199812
199161
199796
200028
200164
199008
200384
200520
200514
199059
199274
199611
201310
199966
200482
199788
200139
200282
200276
199720
199887
199121
200692
200422
200451
200253
200286
201355
197765
200195
200260
200529
200185
201402
199573
200233
200485
200142
201162
201242
200557
200623
200781
201128
200517
200791
201365
199720
200690
201347
200350
200960
201547
201067
201254
200024
201592
201831
201035
200942
200883
201258
201151
200698
202107
202023
200738
202052
201829
201857
200540
201266
200672
201197
202268
202193
201545
201989
201260
201079
200643
201263
201940
202082
201723
201774
201646
201770
201442
201770
201837
200866
200929
201987
200433
201548
201207
202248
202551
201915
201763
201767
201560
201651
202423
202089
201800
201191
201710
201873
201310
201741
201077
200644
202826
202145
201589
201856
200171
203024
201371
202596
201717
201212
201472
201616
201560
202056
201823
202145
201037
201136
201549
202076
201583
202734
202092
203040
201960
201301
201245
202339
202377
201579
201562
201648
202196
202141
202147
200793
200694
201235
201578
200618
202329
201840
203040
201157
200775
201324
201970
201009
202411
201745
202098
202276
201853
201301
192110
192429
192439
192261
192256
191931
191846
192536
192458
191835
192208
192214
192895
192731
192771
192568
192468
192708
192892
192555
192782
192626
193036
192298
192387
192985
193372
192867
192488
191632
192405
193514
193073
192535
193035
193271
192498
193095
193338
193255
193940
193920
193288
193696
193298
193608
193125
193395
192170
193060
194166
194078
193062
194317
193434
193238
193151
194496
193657
194000
193505
194138
194073
194789
193358
192713
194456
194662
194359
194735
193820
194062
195141
193228
194666
194990
194576
194383
195171
194133
195173
195014
195395
194339
194710
195835
195009
194557
196087
195783
194462
195528
195426
194763
196358
194616
194389
195762
195415
196060
195617
195840
195677
195361
195715
195613
195361
196150
196459
196314
196095
196303
195833
196461
195425
195816
196057
196540
195943
196948
195829
197266
195751
195833
196049
197269
196042
196958
195609
196919
197487
196060
196598
196093
197020
196785
197941
196979
198503
197708
197477
197408
196061
197046
197705
196894
197846
197492
196294
197970
197989
197266
197734
197398
198298
197504
196088
197656
197392
196490
197570
197479
197705
197798
197039
197911
196627
197413
197316
198418
198140
197055
196743
198057
197406
197061
198078
197894
197479
197589
199061
198781
197785
198844
197583
198966
197875
197697
197955
198331
198703
198071
197945
198354
197628
198729
198024
197763
197536
197902
198464
197712
198664
197382
198627
198799
199112
198724
198241
197854
199118
198072
198065
198152
198037
197591
199164
198196
199011
198385
198580
199276
198158
199724
198764
199108
198953
199664
198963
199802
199653
198635
199658
199210
199405
200092
200246
199843
199891
199120
199432
199554
200164
200291
199339
199824
199805
199871
199747
199016
199846
198897
198933
200083
199799
200256
199185
199026
200403
199721
198156
199267
200397
198580
199423
199967
199661
198849
198950
191324
192289
192698
191590
191289
192151
192087
191967
191604
192653
191903
192410
192901
192566
191896
191202
192489
192535
192503
192850
192667
192958
191874
193395
192666
191808
192401
192000
193530
193203
193992
193403
193469
191835
192346
193072
193132
192556
193207
193882
193842
193793
193105
192936
192784
193757
193435
192407
192595
194287
193860
193694
193760
193757
193311
194090
193224
192768
193883
194503
194733
193629
193472
192651
192926
193840
193885
193314
193444
193439
193700
194127
193803
193543
194145
192874
192822
194338
192545
193153
192662
193930
193947
194363
194846
194036
194492
194128
193138
194061
193518
193883
193998
194747
194443
193596
195092
194858
195200
194978
193736
193520
194053
193706
195292
194800
193002
195034
193813
194715
193964
193614
194854
195160
193978
194995
194712
194856
194682
194474
193862
194626
195004
194449
194291
193740
194171
195100
194674
194584
195169
194773
194817
195608
194818
195071
194162
195407
195102
194972
194447
195471
194932
194180
195612
195202
194432
195387
195356
195741
195045
195440
194915
195306
196218
195598
195673
195536
195036
195714
195853
195164
195808
195575
195174
195922
195301
196268
195633
195794
196305
195578
196182
195849
196050
196148
195752
196347
196870
196322
196770
197111
196188
196752
196934
197113
196522
196669
197159
197432
197214
196319
197035
197068
197405
196492
197795
197469
197560
196907
198182
197317
197886
197069
198155
197693
197616
197125
197316
198896
197806
198323
197601
197593
198006
197790
198377
198071
196785
198631
197841
197389
197855
199002
198520
198883
198698
197677
198477
198653
199706
198302
199399
199027
199279
198895
199496
200035
199054
199025
199043
198932
198640
199290
198908
198795
199817
198872
199339
199383
199267
198998
199632
199254
198111
199354
199296
198033
199201
198385
198781
198673
199337
198893
199641
198877
199056
199383
199049
199684
191893
192011
192753
191639
191570
191951
192534
192325
191865
191144
192674
191833
192178
192124
192337
192698
191064
193266
193218
193011
191271
193087
193052
192891
192733
192592
192845
192241
193565
192935
193834
193020
193216
193462
192303
192518
193732
193339
192836
193090
193541
193611
192181
193292
193052
194104
193081
192614
193969
193575
193362
193122
194086
191827
194161
193355
192823
194631
194141
194989
194234
194125
194169
193815
193913
193443
194037
194433
194006
194813
194242
194699
193785
195063
193383
195007
194323
194296
193886
195732
195411
194548
194459
195118
194676
195401
193473
194141
194197
195374
194511
195434
194496
195254
194678
195214
195247
194731
195477
194639
195287
195270
196169
195551
195011
195317
195517
195149
195130
195284
194793
196678
195557
196244
196413
196275
195840
196120
196280
195162
196660
195831
196178
195369
196499
196199
196402
195800
195592
195950
196247
195774
195422
195977
195873
194500
196626
196183
196512
194288
196350
196601
196958
196878
196717
195323
197369
196502
196308
195775
196799
197027
197403
196524
196515
197355
197481
195668
197400
196777
197150
197150
197156
197207
197488
197584
197516
197469
197639
196410
196783
196703
197638
196846
196832
196814
198085
197489
197067
197847
197541
196919
197162
196690
197566
198243
198136
196123
198418
198436
197601
198128
197810
198195
197559
198771
198268
197547
198403
198520
198499
198048
198078
198624
198587
198236
198710
198474
198482
198675
198462
197834
198526
198929
198244
200027
197991
198401
198804
199403
198410
198035
199134
198790
199906
199149
198358
199077
198447
199525
199007
199383
200125
199393
199685
199049
198735
200049
198392
199394
198890
199284
199214
199751
199337
200034
199995
199706
200047
199894
200361
198684
200333
199562
200452
199959
199530
200800
200260
200894
199774
200106
200602
199906
199868
200287
201058
200735
199803
200822
200911
200223
200817
200615
201424
200084
200592
199654
200321
201050
200413
200035
201419
198466
200517
200230
200576
200016
200913
201304
200133
199994
200588
200714
200253
200260
201038
200376
201416
201291
199293
201916
201317
200430
202005
201036
200751
200704
201056
200722
201660
201001
200905
201657
201429
201176
200904
201057
201086
200858
200125
200482
200066
201377
201313
201184
201514
201158
200650
201207
201528
201197
200779
200477
199447
191349
192485
192503
190898
192056
192802
192211
191483
191526
191909
191779
191970
192022
192303
192448
192039
192345
192232
191889
192523
192879
192827
193240
193302
193254
192146
192703
192017
192194
191720
193045
193019
191830
192675
192817
192625
192576
192106
193157
191709
192969
192567
191668
192887
192903
193716
192974
193223
192955
192218
192045
193015
192775
191548
191965
192696
193117
193112
193219
192408
193528
193071
192544
192375
193111
193453
193510
192502
192290
192489
193158
193495
193210
191933
193135
192925
192879
192952
193826
192056
192538
193908
193105
192718
193310
193940
193991
193016
193486
193987
193238
193449
193324
193252
193633
194240
194144
193025
194421
194017
193887
193705
194392
194628
193348
194141
194431
194687
194159
194965
194091
194551
194011
194422
194469
194638
193913
195244
195156
193655
193966
193714
195031
194633
194843
193565
196349
194736
194775
194428
195101
195579
195304
195780
194649
194949
195707
195118
195964
196209
195273
195459
195707
196479
195009
195863
196931
195996
196054
196702
195793
197489
195695
196722
195085
196198
196721
196032
195731
195873
196267
196287
196433
196564
195656
196438
196357
196114
195857
196261
196842
195632
196547
195436
196476
196663
196004
196676
197028
196942
195432
196488
195728
197064
196292
195939
196332
195467
196621
195968
196906
195677
196558
196699
196202
195630
196432
195850
195878
196594
196319
195434
196574
196982
196531
196427
197009
196804
197451
196943
195800
197616
196529
196950
197485
197199
196106
196870
197071
197382
197712
197507
198235
197234
196883
197838
197912
197364
197816
197879
197384
197079
197708
197730
197672
197607
197459
198305
198225
198508
198021
196967
198215
198516
198086
198283
198157
199035
198331
198866
198823
198736
198714
198683
198249
198750
199389
199428
199866
198653
198836
199115
198018
198274
199122
198825
199340
198687
198433
198953
199894
198285
199944
199202
198362
199261
199848
199418
199700
200478
199637
199670
199910
199965
199507
199314
198909
200382
199909
199694
200264
199476
199448
199315
200549
199796
199999
199310
200456
200720
200438
200658
199916
200092
200440
200884
200854
199916
200201
199191
200145
200039
199886
199956
199739
200686
200547
200485
200759
200475
199780
200744
199761
200273
200283
201047
200432
200911
200632
199841
200826
200453
200239
200330
200646
200148
198941
200319
200709
200739
201185
200190
201057
201365
200322
200860
199253
201217
199853
200355
202097
200251
199857
200189
200940
201299
201168
201125
200472
201447
201293
200289
200498
201601
200805
200829
199841
201246
200276
200656
201249
200904
201599
201015
201185
200359
201610
200994
201484
200226
200952
201079
200384
201115
201460
202167
201889
200328
201897
201123
200795
202011
201467
201640
202116
202294
201000
200830
202219
201050
200680
200992
200875
201814
202091
200922
200217
202121
202034
201095
201129
201664
201471
200097
201747
201310
201053
202124
202035
201728
201604
200333
201203
201708
202718
201511
202374
202491
201926
200409
200763
202043
202081
201805
201017
201379
201342
201817
201183
202042
201937
201920
202255
202048
201666
201945
201784
201207
201454
202064
202047
201351
201287
200774
201571
202495
201555
192478
192205
192362
191704
192645
192058
190832
192149
191583
192727
191992
192076
191507
191918
191318
191540
192193
191857
192524
191691
192011
192458
192395
192214
192549
191824
192044
193177
192367
192401
192879
192165
192997
192306
191113
192831
192304
192565
191686
192449
192764
191747
192869
192895
192439
192452
192023
192572
192776
193049
192302
192752
194141
192918
193155
193442
191723
192672
194100
193627
192709
193510
193003
193099
193941
193395
193980
194353
193411
194432
193795
193701
193187
193690
194265
193713
194059
193548
194704
194044
194055
192802
193275
194898
194182
194968
193467
194540
194311
194321
194046
194441
194768
195293
193495
195167
194610
194242
195015
193943
195286
194812
194564
195370
194390
195580
195182
195037
194566
195074
194385
195288
195445
194547
195318
195008
196359
193971
194673
195756
194990
196304
195498
195779
195441
196104
195514
196583
196030
196184
196363
195836
196276
197237
196406
195643
196309
196361
196933
197344
197659
197299
197319
196549
196297
196134
197072
196435
196127
196294
197502
197436
196779
198096
196190
197575
196653
198141
196715
198131
197096
196773
197586
197601
197539
197726
198391
197164
197128
198113
197018
197420
198252
197486
197638
197902
197720
198698
198202
197801
198539
197615
198785
198562
198657
196888
198901
197840
198512
197880
199191
197071
198849
198433
199124
197669
198276
198636
198702
198585
198648
198773
199299
198734
198853
198656
198438
198371
198749
198747
199916
199111
198505
199443
199284
197604
199008
198618
198473
199522
198545
198621
199239
198923
199357
199135
199043
197894
199469
198312
199243
199137
198666
199981
199942
199622
198987
198954
199986
200015
200350
199566
200683
200654
198875
200051
199899
199335
199641
200172
199896
199487
200731
200424
200426
200347
200735
199627
199723
199478
200665
200181
200094
200674
201002
200399
199969
200009
200198
199794
198420
199551
200139
200425
199105
199509
198905
200062
200780
200087
200576
200150
200148
199996
201039
199928
200257
199915
200951
200737
199487
199449
200628
199641
201062
198971
200845
201138
199751
201109
200901
200651
199644
202146
200420
200272
200947
200279
201194
200958
201349
200124
199905
201315
201416
200576
201045
201911
201431
201143
201598
200646
199036
201303
201236
200642
200337
201181
201114
201432
201029
201253
200682
201961
202139
201126
201917
200955
201483
202399
202172
200434
201449
200587
201692
201773
201011
201230
200916
201890
200191
201205
201602
201671
202398
202043
201925
202299
200931
201654
201570
201395
200454
201364
201370
201891
201086
201379
201310
200754
200802
201070
201049
199901
201230
202017
200732
200550
202078
201229
202406
202076
201090
201987
200873
200792
202752
201614
201262
200588
202281
201073
201658
202812
201513
201465
201847
200303
200442
201333
201421
200018
202153
201799
202384
201577
201992
201681
201703
200978
201698
201790
202815
201533
201121
201797
202167
201860
201847
201388
201388
201139
201809
201411
201217
202004
202140
201368
201384
201146
202010
202609
201627
201576
202067
202155
192214
191506
191881
191820
191766
192383
192663
192669
191858
192451
191482
191600
192513
191984
192779
191355
192048
192052
192690
191499
191863
191146
192254
192877
193014
192174
191235
191643
193078
192442
191600
192136
192668
192632
192457
192655
192138
193308
192247
192888
192372
192384
192033
193401
193866
192285
193403
193244
193561
193321
193907
193410
193850
193622
194179
192589
192780
193126
193821
192788
194590
193849
193475
193555
193364
194484
194378
194702
194154
194391
194724
194572
194326
194427
194161
194589
193963
193959
194817
194256
194065
194292
194493
194276
194540
194029
194211
194338
193599
193975
193487
194565
193793
193279
193937
193978
194119
194018
194421
194519
194710
191444
191874
191296
191171
191525
192238
192301
191593
192421
192306
192143
192139
191499
192508
192574
192649
192593
193038
191830
192718
190889
193089
193027
193047
193474
193203
193086
192589
192962
193263
192989
192376
192655
193119
192982
193491
192458
193329
192534
193943
191909
192897
192770
193465
193207
192933
192230
192521
193586
192290
193073
192494
193169
192659
193153
192664
192095
190681
192403
192039
191286
190946
191896
192226
191357
191950
191941
193000
192762
192509
191696
192505
192782
191698
191180
191721
193163
192291
192297
192766
192656
192288
192293
192883
192642
192387
192634
192070
192170
192657
193314
193054
193067
193650
193785
192869
193149
192288
193668
193564
192518
192936
193981
193178
193587
193561
193501
193600
194289
192673
193225
193414
194089
194053
193415
194168
194359
194203
193803
193593
194504
195153
193656
194852
194466
193646
195153
195451
193860
194623
194473
194032
194730
194358
194451
195091
194025
194053
195239
194956
195057
194107
195439
195447
194965
195504
195019
195209
194571
195007
194311
195285
195156
194704
195137
195047
194567
194726
195099
194254
194759
194043
194553
195212
195096
194909
195189
194869
195700
195121
194466
194632
195278
195438
194593
194288
