191862.40
192101.00
191926.30
191688.70
191831.90
192075.10
192040.20
192043.60
192003.30
191989.00
192028.30
192156.70
192280.60
192379.30
192251.10
192001.40
192243.50
192503.80
192488.90
192335.30
192109.60
192752.60
192727.10
192747.50
192709.40
192519.90
192610.80
192432.30
192934.40
192585.50
192771.90
192793.80
192818.40
192654.00
192539.10
192939.10
192781.60
192914.10
192881.30
193095.00
192961.00
193118.40
192633.30
193263.30
193156.60
193343.00
192860.50
193158.10
193196.50
193143.20
193205.70
193169.20
193599.30
193151.10
193281.10
193431.00
193170.33
193541.89
193755.22
193859.89
193966.00
193800.44
193638.56
193564.00
193616.22
193861.33
194220.67
193983.33
193827.22
194125.00
194015.33
194322.67
194101.89
194009.78
194184.44
194173.44
193886.22
194152.33
194329.44
194147.67
194279.89
194163.44
194351.89
194461.11
194497.56
194752.78
194353.11
194444.33
194393.33
194801.44
194220.22
194590.78
194642.33
194464.67
194641.56
194442.67
194758.22
194666.00
194952.67
194793.67
194871.00
194778.88
194873.50
195107.25
194795.75
195106.75
194970.50
195217.50
194955.13
195459.50
194890.00
195466.63
195208.38
195488.75
195132.00
195253.13
195467.25
195486.75
195642.75
195219.75
195173.13
195681.14
195664.14
195605.57
195662.14
195813.43
195758.86
196049.86
195672.43
196106.00
196177.29
195792.57
195936.86
196273.14
196056.00
195696.57
196260.00
196198.29
196720.57
196334.86
196166.71
196411.43
196252.14
196442.57
196309.57
196082.43
196713.29
196440.57
195749.86
196334.43
196771.71
196881.43
196655.86
196862.43
196752.14
196830.86
196599.00
196791.14
196602.43
196785.86
196956.71
196767.00
196982.57
196974.00
196870.43
197245.14
197127.43
197047.29
197136.14
197256.14
197083.14
196872.71
196939.57
197168.71
197149.43
197190.57
197283.86
197699.00
197506.43
197409.57
197669.71
197188.14
197369.00
197500.71
197400.57
197452.57
197707.57
197146.43
197832.00
197731.29
197916.14
197401.86
197934.43
197843.57
197621.86
197828.00
198029.86
197473.71
197704.29
197880.00
198243.83
197560.67
198094.17
198056.83
198183.17
198294.00
198226.83
197938.83
198335.33
198355.33
198308.33
198401.83
197882.00
198349.67
198386.33
198450.67
198161.00
198111.33
198318.17
198678.50
198444.67
198408.00
198611.00
198818.50
198894.17
198741.17
198654.83
198430.83
198478.00
199043.17
199088.83
198714.33
199133.83
199186.50
199072.33
198985.67
199060.67
199536.00
199131.50
199274.67
199271.83
198951.67
199355.00
199525.00
199074.00
199395.67
199606.33
199363.50
199551.00
199630.33
199557.50
199148.17
199654.00
199636.33
199366.33
199743.67
199693.83
199513.00
199743.50
199585.83
199455.33
199642.67
199584.50
199266.83
199777.83
199944.17
199841.67
199690.83
199370.17
199878.40
199876.75
199583.75
200155.00
200032.25
199503.00
199886.50
199941.75
199896.25
200263.50
200475.25
200495.25
199405.00
200418.00
199671.75
200398.00
199914.25
200286.00
199971.50
200501.50
200555.00
200006.50
200020.25
200476.50
200056.75
200621.75
199952.00
200752.50
200335.25
200603.50
201121.25
200088.00
200978.75
200556.00
200754.50
200956.25
200934.75
200904.75
200538.25
200618.75
200615.75
201246.25
200549.75
200409.50
200952.75
200960.50
200897.25
200798.50
201390.00
201324.75
200803.50
200888.75
200925.25
200180.00
200873.25
201024.50
200886.25
200870.00
201379.50
201147.25
201006.25
201343.00
201040.75
200694.75
200852.75
200873.75
201071.33
200980.00
200999.00
201322.00
201594.67
201709.00
200688.67
201425.33
201263.00
200960.00
201187.33
200750.33
200960.00
200772.33
201150.67
201512.00
201335.67
201124.67
201207.67
201701.67
201634.00
201581.33
201949.00
201164.00
201633.67
201351.33
201131.33
200941.67
201425.00
201305.33
201265.67
200523.67
201817.00
201243.67
200999.67
201302.33
200715.00
201890.67
200762.33
201670.33
201364.33
201184.67
201005.33
201726.00
201005.00
201804.67
201659.33
201206.33
201379.67
201156.33
201502.67
202239.00
201175.00
201964.33
201267.67
202038.67
201681.33
201475.33
201899.00
201989.33
202045.33
201475.33
200898.33
201436.33
201526.33
201414.00
201052.33
201273.67
201435.67
201903.33
201359.00
200942.33
202043.67
201859.00
201704.33
201328.00
201409.67
201870.00
201200.00
201292.33
201839.33
201655.00
202027.33
202052.67
201656.33
201431.00
200736.00
201506.00
201559.50
201967.50
201757.50
202257.00
201929.50
201655.00
200777.50
201386.50
202326.00
201854.00
201690.50
201542.00
201767.00
201342.00
201817.00
201183.00
202042.00
201937.00
201920.00
202255.00
202048.00
201666.00
201945.00
201784.00
201207.00
201454.00
202064.00
202047.00
201351.00
201287.00
200774.00
201571.00
202495.00
201555.00
