190866
190684
191461
191810
191390
191767
192680
192138
192192
192128
192739
191758
191655
191699
192105
192526
192627
191710
192839
191936
192024
192784
192893
192294
192959
192729
192677
192773
192962
192383
192110
193001
193395
192082
192848
193724
193507
192997
192976
192595
193585
193908
193664
193259
194457
194688
192886
193532
192940
193947
192565
193080
193749
194448
193304
194758
194149
194192
194470
193662
193674
193749
193874
194399
192190
193841
193436
194004
194287
192038
193931
195005
194211
193417
193859
192591
194171
194214
192953
194529
194251
194161
193924
194329
194430
194794
194204
195042
194228
194009
192764
195274
194254
195194
193701
193009
194526
194527
194941
195036
195578
195217
193970
194898
194517
195259
194391
194548
194988
194392
195331
194821
194474
194876
195643
195626
194086
195250
194754
195456
195248
195755
196254
195668
194257
195597
195677
196075
195984
196382
195595
195847
196463
195710
196327
196301
195959
196609
196905
196789
196081
195829
195571
197118
196224
195973
195739
196542
196381
196140
196140
197173
196372
196775
196123
196143
196200
196557
197011
196488
196303
196754
197352
197658
196010
196992
196878
196257
198084
196801
198230
197866
197033
198027
195439
197270
197000
197912
198389
197415
197346
198033
196688
198298
197286
196892
197713
198247
197604
196952
197240
197916
197398
197945
197548
197923
197901
197250
197250
198587
198298
198258
198919
198920
198699
197494
198307
197417
197898
198470
198609
198417
198609
198090
197841
198976
198588
198698
198984
199088
198110
198654
198889
198813
198046
198997
197486
198167
196560
198307
198239
198786
198208
197934
198974
198479
198903
198205
198125
198990
196755
199715
198581
198666
198396
198153
197501
198477
199483
199175
198855
197560
199437
199072
199611
199826
200041
198829
199517
198853
200152
199047
200070
199764
199253
199730
199774
199400
199990
200156
199450
199426
198883
199185
198703
199930
199427
199638
199432
199581
200346
200419
199327
200969
198970
199358
200337
198546
200904
200327
199856
199982
199333
200055
200320
200331
200754
200416
200228
200951
199466
200516
200419
200600
200919
200502
200417
200902
200944
201313
201436
199269
199961
200438
200544
200913
200322
200870
200143
201002
200588
200732
199549
200941
201093
200190
199811
200723
201265
201215
200514
200700
200660
201406
200460
201264
200890
201463
200653
200589
200762
200608
200934
201187
200750
200149
201183
200923
201343
201581
200556
201314
200457
200548
201160
201338
202007
201949
201205
201305
201722
200745
201660
200664
201767
200838
200878
201405
201423
200851
200851
200520
202148
201572
201527
200545
201305
202272
200983
201304
201451
202316
200573
201823
201713
200154
201621
202822
202576
201933
201931
202727
202526
201279
201902
201411
201694
201876
202221
202343
201669
203276
201921
201936
200961
202003
200953
202209
202357
201904
202449
201374
202228
201865
201630
202606
200999
201870
201829
201533
201269
201504
202204
202254
202220
201060
201661
201152
202178
202029
201983
201283
