190511
192234
190970
191158
190462
192088
192234
192054
192465
191898
191808
192554
192319
192381
191629
192011
193466
192298
192651
191065
192182
192937
192432
192760
191843
192044
192152
191912
192737
193009
193080
192992
192428
192032
193483
193568
192485
193264
193296
193053
192998
193597
191873
193499
193253
192949
193695
193214
193645
193502
193529
193075
193215
194579
194352
193651
194008
193913
194214
193737
193893
193999
194377
193174
195309
193727
193960
193783
194277
193449
194448
193905
193844
193920
193885
194227
194145
193955
193874
194407
195234
194502
194487
194711
194225
194045
193942
194970
194577
194490
194693
194404
194642
194992
195135
194981
195480
195196
194274
195091
195753
195296
193716
195083
194857
194856
194793
195071
195017
195790
194830
195250
195451
195669
196062
196301
195682
195143
195224
195569
196274
196079
195758
196076
196284
195812
195859
197082
196484
194865
196227
195737
196651
196656
196050
196468
195229
196146
196302
197364
196784
196831
197167
196353
197112
196621
196390
196295
195665
196380
196896
197136
196829
196394
197496
197397
196709
196729
196568
196223
197687
197145
197144
197488
196966
197682
196880
197354
197002
197616
197755
196980
197179
197044
197599
196937
198106
197093
197359
197361
198144
197015
197970
198264
198475
199043
197515
198205
198404
198963
198668
198692
199372
198237
198985
198731
198905
198691
197887
198301
198599
198155
197903
197928
197792
197988
197835
198412
198558
197716
198961
198531
198088
198898
198369
198001
198788
198693
197645
197681
197998
198455
199104
