191577
191130
192610
192186
192026
191578
192225
192474
192589
191470
190806
191302
192452
192204
192801
192136
192809
192538
192298
191934
191769
192965
192100
192596
192467
192841
193622
191611
191890
193013
192891
193759
192431
193905
193471
193631
194580
193144
193590
194055
192606
193454
193786
193433
193077
192014
192823
192491
193281
193725
193608
193101
194027
193877
193768
193704
194376
193542
193207
192730
193912
193966
193787
194389
193112
192925
194054
193182
194642
194446
194140
193287
193595
194346
195035
194056
194376
194710
194811
194552
194856
194263
195154
193997
194489
194647
194329
194211
195265
193964
195279
195555
194386
194837
195497
195575
194338
195184
195069
194574
194733
194707
195525
195172
195621
194965
196078
195660
195220
195505
194788
195002
195949
195572
195487
194701
195775
195476
194336
194486
194965
195670
193810
194461
195243
195683
196016
195865
195868
195066
195931
195588
196664
195293
195716
195292
195593
196568
196002
195969
196851
196118
196311
195890
197038
196004
195778
196551
195618
196164
196324
196545
197027
196837
197677
197007
197592
196158
197127
197550
196739
196612
196100
196459
196106
196163
197288
196852
197236
196744
197052
196991
196302
197644
198189
197450
197141
197398
197720
197276
196626
197655
197557
197758
197621
196803
197885
197771
198295
198441
197300
196991
198046
198051
197071
198222
197630
197748
198706
197257
198536
197082
198305
196712
197943
197077
198176
198107
198489
198808
198203
197701
198394
197358
197951
197941
198873
197895
197768
198004
197526
197679
199133
197640
197940
198386
198002
198528
198487
197910
198537
198288
197786
198737
197222
198214
197822
197850
197989
199154
