191025
191251
191266
192538
190889
190464
191174
191979
192596
192028
192114
192601
192095
192579
192742
193018
192361
191539
192274
191309
192246
191990
192250
191180
191987
192849
192020
193068
192613
192928
193145
192351
193176
193227
192978
192960
193045
192689
194102
192585
192893
193532
193624
193440
193301
193600
193849
193783
192389
193919
193772
192849
193500
193506
193872
193072
193183
192690
193199
193686
194394
194034
193642
193090
194346
193670
193495
194867
194413
193664
194933
195074
194175
194301
194477
194630
194329
194714
194911
194199
193525
194081
194467
195297
194444
195644
194962
194411
193831
194470
193499
195165
194106
195926
195239
194998
193734
195007
195650
194300
195310
194841
195548
194974
195712
195768
195368
195761
195681
195793
194564
195471
195867
195641
196061
195735
195499
196135
196315
196691
196157
196579
195163
196022
195918
194502
196014
196257
195849
196250
195695
195981
195458
196007
196382
195832
196331
195193
195171
196804
196610
196885
196961
195041
196609
196865
195491
196543
196160
196370
196117
196904
196913
196655
196937
196216
197547
197120
197271
196795
197214
197020
196913
196722
198253
197995
197594
198057
196742
198015
197353
197359
197687
197591
198020
196750
196592
197912
198188
197515
197221
197863
197102
197383
196726
197041
197480
197802
197032
197651
196698
196988
198012
197429
197599
197170
197462
198757
