191119
191737
192345
191142
192492
192224
191279
192344
191532
191459
191803
191448
192436
191798
191728
191193
191380
191871
191362
192123
191705
191644
191950
192255
192643
191817
193627
191772
191650
192233
191829
192307
191997
192713
192446
191942
193358
192360
192278
193192
193435
192870
191722
191575
192536
192665
192642
192501
192550
192076
192707
191945
193117
192483
192352
192709
192801
193036
193159
193057
192971
193117
193452
193181
192921
193044
193024
192513
193033
192629
192600
193391
193275
192938
192330
193062
193335
193747
192808
193778
193673
193455
193987
193987
193116
194210
193709
193936
193569
193578
193999
194292
193758
192719
194400
193320
192638
193933
193210
193908
193618
194498
192752
193900
194108
194257
194417
193537
193437
194705
193344
194767
193912
193574
194223
194614
193979
195051
194714
194526
194850
194736
194652
194953
194834
193531
194999
193548
194942
195645
194734
194867
195110
194621
195093
195195
195845
194081
195341
194877
195616
196487
195767
195418
195022
196344
195664
195611
195569
195241
195769
194982
195489
195302
195316
196194
195363
195333
196179
196279
196354
196478
195854
196250
195066
196361
196265
196721
195973
196328
197034
196206
196054
195453
195383
196611
196275
195880
196913
196470
195241
196512
196568
196403
195227
196234
195809
195892
196908
196177
196687
196838
197318
196471
197409
197324
197251
196208
197244
197324
196678
196921
196915
198127
197279
197282
196617
197256
198292
198022
198060
197439
197033
197876
197874
198084
198286
196471
197170
197326
197281
197883
196874
198665
197526
198300
196990
198067
197804
196861
198980
197711
197448
197921
197383
198617
198447
198345
198049
198933
198760
199028
197944
199413
198843
197824
197850
199315
198772
198226
198068
197806
198687
198913
198384
197032
198992
198600
198367
198660
198775
199539
198211
199369
198921
198819
197355
198852
200187
198721
198511
199354
199782
199135
198025
198916
199524
198388
198281
197903
199241
199524
199281
199949
199639
199744
199693
198797
199475
199959
199282
198679
200061
199326
199126
199428
199722
199393
199159
199406
200078
199447
200783
198957
199840
199544
199812
199447
198996
198906
199667
199773
199161
199647
198460
199268
199650
200513
200129
199681
198668
199301
198848
199730
200247
199810
200055
199728
199523
200360
200290
199548
199685
200558
199367
199905
199695
200914
199810
200892
199366
199803
199805
199562
199995
200112
199942
200273
200826
199419
201114
200617
200622
201334
200469
200507
201218
200571
198612
200069
200950
200674
200332
201023
200038
199630
200236
201247
199543
201352
200767
200764
200880
201028
200235
201874
201113
200579
200549
200872
201643
200028
201263
199336
201138
200396
201975
201347
201106
201753
201272
201542
199700
201745
201075
200645
201841
201986
200036
201257
200661
200895
201448
199506
200727
201509
200113
200569
200473
200475
200760
200373
201172
199580
200703
201680
201033
201616
200681
200493
200715
200471
202018
201086
200936
200854
199852
