192336
191904
190981
191199
191879
192593
191924
192561
192219
192455
192717
192988
192363
191244
192477
192528
192854
192252
192436
191824
192353
192554
191753
192028
192418
192405
192267
193306
191535
193014
192835
193165
192973
191927
192983
193265
192664
194010
193155
193105
193129
193108
192486
193740
194068
192996
192880
192530
193329
192492
192182
193794
193766
193793
193179
194129
192539
193244
193385
194046
193332
193740
193652
194201
193962
194271
194355
192637
194107
194179
193853
193938
194071
193616
194662
193897
195995
193124
194170
194947
194504
194378
194474
194630
193548
194915
193744
194059
194230
193976
193870
193903
194518
195238
194187
194124
192744
194285
193993
193945
195333
194152
194922
195273
194981
194569
195311
194653
194017
195351
194449
194494
195455
195307
196211
194695
195206
195188
194787
195620
194516
195036
195800
195125
196113
195457
194887
196316
195295
194795
195434
195365
196063
196064
195931
195493
195669
195893
196161
196956
195644
196188
196008
196323
196185
196178
196006
196461
196033
196120
195900
196139
196412
195894
196735
196431
197473
196501
197295
196042
197243
197090
196342
196487
197330
196182
196866
196609
196353
197764
198244
196959
197040
197593
197647
197351
196934
197337
197715
197395
197419
197633
197176
197999
198014
197240
198441
197574
197218
196585
197366
196438
198010
198055
197442
197351
198310
198010
197698
196951
198874
198433
197896
198907
197952
197505
198391
198119
198213
198856
198898
198808
198122
198505
197951
198469
198846
198731
198990
199376
198658
199084
198554
198370
198999
198720
197688
198625
199138
197853
199431
199787
198509
199338
199686
199631
199252
200363
199655
199105
199227
199444
199501
199061
198420
199255
199378
199368
199156
200472
199953
199776
200539
200264
198916
198541
200229
199966
200168
199619
200035
200275
198466
198995
199903
199504
199747
200631
200366
200283
199865
199605
200039
199963
200261
198537
200684
200362
200880
199792
200570
201575
200436
201291
200369
200646
200302
200516
200397
200989
199081
201435
201358
200613
200694
200078
200233
200640
201271
200162
200445
200442
200928
201265
200356
200120
200582
199140
200892
200837
201329
201003
200879
201180
200537
199767
200989
200912
200157
200651
201216
200055
201044
201065
200898
201380
201148
201020
200887
201115
200361
200718
201601
200834
200903
199992
199267
201242
200897
200105
200466
200632
200484
200770
200321
201401
201155
200036
200535
201070
201213
200481
201562
201588
201024
199456
200889
200873
201518
200970
201026
201792
201150
201584
200527
200718
200300
200972
200698
201131
201231
201004
199933
200413
201060
200757
201044
201114
200633
201162
201561
201329
201967
201352
200991
202296
201996
200564
201656
201627
201835
201509
202193
201189
200951
202214
200716
202042
201424
201416
201882
201224
200794
202196
202176
201894
200973
202037
202528
201016
201637
201789
201769
202639
201323
202126
202006
202431
201730
201992
201060
201920
201894
201972
201223
202468
202012
201691
202494
201796
201405
201342
201446
201632
202003
201527
202677
202033
201890
201251
201136
201914
202663
201649
201124
201165
201806
201531
202236
201156
201380
201568
201826
202154
202396
201519
202633
202204
201810
201930
200887
201792
202614
202018
201116
201179
202015
202144
202368
201834
200863
202613
201543
201885
201900
201809
201666
200540
202182
201182
201296
202476
201657
202245
202371
202671
202764
201667
201342
201240
202569
201403
200949
200527
200762
200705
202168
202431
202444
201881
201083
201931
202076
201581
201678
200866
202438
202208
201200
201016
203016
201736
201395
202678
201076
201997
200974
201992
201019
201622
202368
201906
201991
202170
202204
202251
200539
201554
201311
201022
