192356
192297
191846
191076
191153
191840
192352
191591
191441
191896
192181
191756
192317
191276
192389
191906
191490
191420
192447
192787
192503
192191
192676
193208
192817
192843
193580
193053
192257
192777
193329
193742
192627
193172
192658
192989
192425
193797
193105
192808
193804
193270
193356
193925
193933
193389
193115
194693
194277
194344
194491
193144
195278
194296
194023
193785
194252
192803
194100
194140
193713
194292
194680
194154
193676
193662
193893
193826
193739
193263
192021
194219
194170
194012
194560
194279
195113
193200
194323
193103
193395
194175
193360
194087
194695
193138
193245
194604
194724
194403
194517
194289
194386
193644
194636
194923
193988
194296
193941
194658
194821
194085
194061
194797
195060
195108
194645
194950
193902
195666
195141
195279
195719
194949
194467
195495
194885
195217
194931
194972
194498
195179
194702
194802
195032
195341
195952
193804
195745
195417
196241
195810
195158
195606
196310
195315
195519
195501
195851
195292
195768
194666
195272
195323
195935
195816
194949
195651
194754
195748
196238
195336
195612
195438
194885
194799
196274
195426
196300
195447
195744
194531
196033
196478
195578
196123
194841
195701
195728
195981
195989
196244
195635
195845
195823
195384
195881
195887
195903
195614
195609
196126
196525
196617
196334
195979
195787
196397
196567
196634
196137
197218
196823
196345
197212
196452
196117
197163
196910
196717
196583
197464
196954
197176
197892
197428
196832
196693
196900
197748
197174
197363
196340
197661
197320
196453
197111
196082
197292
197219
197426
197979
196913
198393
197979
197070
197805
198072
198536
198516
197455
198100
197108
198422
197923
195961
198568
198035
197901
197592
198188
198422
197821
198461
198559
198520
197700
198419
198370
198182
198804
198039
197788
198092
197908
199199
198587
198214
199010
199266
198737
199030
197716
199377
199285
198393
198378
198003
198785
199600
199170
198384
199224
198688
199634
199768
199459
199053
198387
198959
199171
199493
198027
199752
198230
199040
200010
199037
199102
199826
199973
199364
198574
199039
199950
199667
198780
199194
199314
199574
199554
199613
199883
199982
199184
200331
199863
199430
200213
199467
199374
198852
200002
200278
200148
199536
199643
200492
198960
200005
200626
200141
200981
200394
199767
200203
200050
200398
200539
200715
200026
200544
200670
200822
201561
201175
200195
200998
200539
200466
201458
201685
200938
200949
201925
200068
199867
200760
200791
201700
200300
201227
201326
200385
200401
200267
201852
200854
201421
200670
201300
201045
201671
201028
201169
200807
200988
202217
201378
202042
202231
201051
200235
202370
201769
201145
200910
201889
201648
201617
201434
201579
201732
201734
201840
202058
201746
201123
200133
201584
201466
201982
201633
201830
201291
200365
201872
201942
201776
202605
201947
201843
201902
202156
202288
200955
201500
201774
202003
201592
202143
201353
202198
201994
202362
200579
200503
202377
201299
202304
201234
201794
200558
202082
201813
202176
202110
202201
201903
201433
202657
201461
201345
202156
201952
201219
203194
201315
202392
202460
203341
202045
202638
200787
201685
202223
200802
202233
202316
201091
202919
202612
201567
201941
202075
201913
200890
202570
203250
202282
201959
201880
201899
201594
201735
201844
202568
203058
201551
202229
202625
202085
