192267
190135
191633
191947
192335
192156
191601
192596
192077
191256
192129
192035
192186
192448
192805
191923
193246
192305
192946
192367
192243
191940
191931
192489
192811
192422
192330
193050
192475
192754
191920
192366
193285
193332
192180
193063
193505
193254
193104
192848
193410
192427
193433
193050
193288
193258
193590
193077
193647
194400
193386
193917
192609
193658
193730
193705
193431
193820
194554
193938
194616
193596
194632
194151
193344
193781
193992
193695
194388
193452
194764
193960
193952
194263
193265
194024
194416
194212
193678
194273
193376
194216
193120
192927
193798
194591
194449
194679
194296
193703
195303
194731
194782
195363
194149
194798
194438
194918
195088
194638
195663
195231
194921
195669
196097
196179
194508
194163
195253
195045
195494
194843
194847
195021
194715
195635
194298
195470
195268
195277
195037
195689
195069
195811
195339
194839
195084
194911
195621
195168
195391
196040
195586
195966
195873
196180
194930
196181
195866
196216
195189
195191
196131
196804
195098
196443
196034
196307
195977
196419
196703
196582
196516
196544
197039
196033
196799
196353
196684
196795
196137
197308
196917
197267
196037
196875
196911
196872
196893
197250
197666
197214
197207
197703
196497
196735
196535
197495
198062
197382
197849
198184
197749
198427
198675
198234
197757
197503
197892
196887
198384
197718
198243
197345
198292
197970
198019
198062
197899
197897
198518
198181
197103
197688
197971
198203
198063
198105
197543
198037
197732
198539
198262
198174
197498
