192379
192597
191074
192124
192339
192069
193284
191816
192123
192396
192471
192808
192165
191880
192764
192656
192353
191453
193272
193206
192274
191860
193267
192834
192419
192609
191716
192211
192139
192713
192152
193376
192969
192510
192942
192822
193039
192078
192217
192827
192337
192173
193555
192890
192634
192843
193038
193431
192968
192915
193637
192931
194050
193592
193361
193826
193436
193284
193690
192417
194689
194195
193239
193679
193650
193738
193059
193681
193955
193675
194306
195113
194363
194212
193711
194027
195154
194410
194698
194663
194979
195084
194900
194910
195548
194724
195571
194674
194277
194389
195067
194205
195417
195121
194136
195147
195710
195120
194353
195171
195528
194189
195464
195694
194469
195234
194603
195762
195705
195623
195261
195954
195245
196345
195190
196148
196082
194184
195932
194980
195818
195523
196579
196166
196814
195836
196460
195333
195659
196495
196078
196348
195907
196928
195580
196538
196679
197079
195769
196960
197797
197049
196879
196239
195765
196983
196461
196645
197276
197424
197595
197260
196277
197193
196813
197147
197112
197670
196445
196901
196928
197354
197793
197950
197992
197294
196927
197387
196980
198274
197390
197739
195881
198281
197601
197201
198304
197390
197445
197422
197889
198282
197038
197593
198631
198719
196969
198221
198517
199395
197567
198449
199189
197862
196916
198096
198230
197852
198111
197821
198390
198096
198394
198494
199025
198144
197938
198015
198587
196710
198471
199505
197782
199048
198742
198729
198978
198162
198681
199287
198721
199388
199335
198397
198197
198142
200356
198837
198625
199890
198450
199911
199828
198779
198873
199576
199870
198361
199504
198938
199418
199225
198533
199597
199718
199092
199797
199267
200290
199630
199399
199447
200081
199351
199383
199183
199886
200420
200473
198932
199280
200097
200188
199087
199717
200760
199726
200037
199118
201662
200042
200366
199127
199685
201049
200160
201219
200083
199678
199861
199842
200051
199474
200468
200820
200882
199683
200932
201430
199667
201326
200066
201017
200250
200380
200276
200857
200520
200305
201365
200838
199547
201543
201097
200412
201282
200946
201164
201295
200541
201412
201727
201366
201234
200361
200293
200525
202253
200830
200544
202160
201832
200886
200934
201205
200710
200995
200513
201142
201063
200556
200634
201849
201630
200897
200689
201180
202063
201290
200720
202229
200500
201084
202045
201388
201646
201519
200112
201170
201849
200061
201948
201239
200904
201505
202010
201140
200783
202765
200284
201239
201032
201559
202265
201532
202860
201352
202060
202779
201830
202819
201717
201153
201359
201438
201727
201910
201868
202417
202383
200963
203065
201788
201865
201254
202015
201443
202352
201864
200534
201345
202353
201589
202068
201082
201929
201963
202317
200758
201641
201000
