191547
191812
191773
192071
192722
192686
191980
192086
191565
192426
192276
191862
191462
191189
191849
191188
191987
191964
191951
191683
192919
191817
192659
191819
193033
193102
193559
193279
193204
193077
192360
192921
193390
193275
192467
193685
193017
193469
193165
191862
193152
192611
192474
193891
192761
193088
192662
192106
193102
192665
193243
192883
192569
192618
192117
193876
192808
193896
193628
192951
193504
193114
193963
193763
194018
193226
193229
194180
193417
193544
194148
192856
194315
193619
193208
193397
193768
194295
194082
194648
194538
192962
194176
194438
194360
193011
195163
194033
194346
194395
194270
193599
194797
193816
193852
194264
194452
193796
194268
194684
193784
195100
193449
194361
193646
194305
193245
193366
194450
194161
194207
194653
193993
194728
194069
193416
194175
195720
193549
194373
